   EFIT?   05/12/98      #119919  3000             3 0 65  65
  1.70000005e+00  3.20000005e+00  1.69550002e+00  8.39999974e-01  0.00000000e+00
  1.72280896e+00 -9.44592152e-03 -2.26531550e-01  1.13221191e-01 -2.00283313e+00
  1.08145925e+06 -2.26531550e-01  0.00000000e+00  1.72280896e+00  0.00000000e+00
 -9.44592152e-03  0.00000000e+00  1.13221191e-01  0.00000000e+00  0.00000000e+00
 -3.64077234e+00 -3.62960339e+00 -3.61875963e+00 -3.60823798e+00 -3.59803534e+00
 -3.58814859e+00 -3.57857418e+00 -3.56930900e+00 -3.56034899e+00 -3.55169106e+00
 -3.54333091e+00 -3.53526521e+00 -3.52748919e+00 -3.51999950e+00 -3.51279140e+00
 -3.50586057e+00 -3.49920297e+00 -3.49281359e+00 -3.48668814e+00 -3.48082185e+00
 -3.47520971e+00 -3.46984720e+00 -3.46472883e+00 -3.45985007e+00 -3.45520544e+00
 -3.45078993e+00 -3.44659781e+00 -3.44262433e+00 -3.43886352e+00 -3.43531036e+00
 -3.43195891e+00 -3.42880368e+00 -3.42583919e+00 -3.42305946e+00 -3.42045903e+00
 -3.41803169e+00 -3.41577172e+00 -3.41367340e+00 -3.41173053e+00 -3.40993738e+00
 -3.40828776e+00 -3.40677595e+00 -3.40539551e+00 -3.40414047e+00 -3.40300465e+00
 -3.40198207e+00 -3.40106654e+00 -3.40025187e+00 -3.39953184e+00 -3.39890027e+00
 -3.39835095e+00 -3.39787769e+00 -3.39747429e+00 -3.39713454e+00 -3.39685202e+00
 -3.39662051e+00 -3.39643383e+00 -3.39628577e+00 -3.39617014e+00 -3.39608049e+00
 -3.39601040e+00 -3.39595413e+00 -3.39590502e+00 -3.39585686e+00 -3.39580345e+00
 -1.82671895e+04 -1.70556113e+04 -1.58734336e+04 -1.47206582e+04 -1.35972852e+04
 -1.25033125e+04 -1.14387432e+04 -1.04035742e+04 -9.39780762e+03 -8.42144238e+03
 -7.47447900e+03 -6.55691748e+03 -5.66875732e+03 -4.80999902e+03 -3.98064258e+03
 -3.18068774e+03 -2.41013452e+03 -1.66898328e+03 -9.57233582e+02 -2.74885620e+02
  3.78060638e+02  1.00160516e+03  1.59574805e+03  2.16048901e+03  2.69582861e+03
  3.20176611e+03  3.67830225e+03  4.12543652e+03  4.54316895e+03  4.93150000e+03
  5.29042871e+03  5.61995654e+03  5.92008203e+03  6.19080615e+03  6.43212842e+03
  6.64404883e+03  6.82656787e+03  6.97968506e+03  7.10340039e+03  7.19771387e+03
  7.26262598e+03  7.29813623e+03  7.30424463e+03  7.28095166e+03  7.22825684e+03
  7.14616016e+03  7.03466211e+03  6.89376172e+03  6.72346045e+03  6.52375684e+03
  6.29465186e+03  6.03614502e+03  5.74823633e+03  5.43092578e+03  5.08421387e+03
  4.70810010e+03  4.30258496e+03  3.86766772e+03  3.40334888e+03  2.90962842e+03
  2.38650610e+03  1.83398218e+03  1.25205652e+03  6.40729126e+02  0.00000000e+00
 -7.77160406e+00 -7.52452135e+00 -7.28144550e+00 -7.04237747e+00 -6.80731630e+00
 -6.57626200e+00 -6.34921551e+00 -6.12617588e+00 -5.90714312e+00 -5.69211817e+00
 -5.48110008e+00 -5.27408934e+00 -5.07108593e+00 -4.87208939e+00 -4.67710018e+00
 -4.48611832e+00 -4.29914379e+00 -4.11617613e+00 -3.93721581e+00 -3.76226282e+00
 -3.59131670e+00 -3.42437816e+00 -3.26144648e+00 -3.10252237e+00 -2.94760513e+00
 -2.79669523e+00 -2.64979267e+00 -2.50689697e+00 -2.36800885e+00 -2.23312783e+00
 -2.10225391e+00 -1.97538722e+00 -1.85252774e+00 -1.73367548e+00 -1.61883044e+00
 -1.50799251e+00 -1.40116191e+00 -1.29833841e+00 -1.19952226e+00 -1.10471320e+00
 -1.01391137e+00 -9.27116752e-01 -8.44329357e-01 -7.65549123e-01 -6.90776110e-01
 -6.20010316e-01 -5.53251684e-01 -4.90500301e-01 -4.31756139e-01 -3.77019137e-01
 -3.26289356e-01 -2.79566795e-01 -2.36851409e-01 -1.98143244e-01 -1.63442284e-01
 -1.32748529e-01 -1.06061973e-01 -8.33826214e-02 -6.47104830e-02 -5.00455424e-02
 -3.93878073e-02 -3.27372774e-02 -3.00939530e-02 -3.14578339e-02 -3.68289165e-02
  2.30997109e+05  2.25458641e+05  2.19920172e+05  2.14381703e+05  2.08843234e+05
  2.03304766e+05  1.97766297e+05  1.92227828e+05  1.86689359e+05  1.81150891e+05
  1.75612422e+05  1.70073953e+05  1.64535484e+05  1.58997016e+05  1.53458547e+05
  1.47920094e+05  1.42381625e+05  1.36843156e+05  1.31304688e+05  1.25766211e+05
  1.20227742e+05  1.14689281e+05  1.09150812e+05  1.03612344e+05  9.80738750e+04
  9.25354062e+04  8.69969375e+04  8.14584688e+04  7.59200000e+04  7.03815312e+04
  6.48430664e+04  5.93045977e+04  5.37661289e+04  4.82276641e+04  4.26891953e+04
  3.71507266e+04  3.16122598e+04  2.60737910e+04  2.05353223e+04  1.49968555e+04
  9.45838672e+03  3.91991919e+03 -1.61854883e+03 -7.15701660e+03 -1.26954844e+04
 -1.82339531e+04 -2.37724199e+04 -2.93108887e+04 -3.48493555e+04 -4.03878242e+04
 -4.59262930e+04 -5.14647617e+04 -5.70032266e+04 -6.25416953e+04 -6.80801641e+04
 -7.36186328e+04 -7.91571016e+04 -8.46955703e+04 -9.02340391e+04 -9.57725078e+04
 -1.01310969e+05 -1.06849438e+05 -1.12387906e+05 -1.17926375e+05 -1.23464844e+05
  1.47998169e-01  1.41991645e-01  1.35448828e-01  1.28316894e-01  1.20666809e-01
  1.12683661e-01  1.04764506e-01  9.70582515e-02  8.82566795e-02  9.14036185e-02
  9.06536058e-02  8.78317580e-02  8.23332146e-02  7.90814608e-02  8.02490041e-02
  7.72400275e-02  7.70133287e-02  8.05225223e-02  7.97656104e-02  8.33691955e-02
  9.10018757e-02  9.61730704e-02  9.98394042e-02  1.02439709e-01  1.04183644e-01
  1.05152279e-01  1.05331361e-01  1.04607552e-01  1.02736384e-01  9.93891954e-02
  9.66203809e-02  9.79389846e-02  9.95462388e-02  1.05299637e-01  1.11297525e-01
  1.21961616e-01  1.32919371e-01  1.42401740e-01  1.50781274e-01  1.58372909e-01
  1.65402949e-01  1.72038749e-01  1.78402364e-01  1.84578523e-01  1.90621912e-01
  1.96564138e-01  2.02419683e-01  2.08190203e-01  2.13867784e-01  2.19437078e-01
  2.24877045e-01  2.30162427e-01  2.35265076e-01  2.40155399e-01  2.44803831e-01
  2.49182284e-01  2.53265619e-01  2.57033020e-01  2.60468900e-01  2.63563842e-01
  2.66314685e-01  2.68724471e-01  2.70801991e-01  2.72560984e-01  2.74019033e-01
  1.43243089e-01  1.35986373e-01  1.28011435e-01  1.19188897e-01  1.09642819e-01
  9.98036638e-02  8.82192254e-02  8.49323198e-02  8.18281770e-02  8.47747847e-02
  8.61922204e-02  8.56769681e-02  8.37818086e-02  8.24742541e-02  8.22911114e-02
  8.15117061e-02  8.18135068e-02  8.34146515e-02  8.46149996e-02  8.73925164e-02
  9.17108655e-02  9.55150202e-02  9.85569060e-02  1.00874394e-01  1.02509715e-01
  1.03466392e-01  1.03692077e-01  1.03056394e-01  1.01309441e-01  9.80777368e-02
  9.52475443e-02  9.68314782e-02  9.82634202e-02  1.04276285e-01  1.10101499e-01
  1.21077910e-01  1.32231414e-01  1.42021209e-01  1.50843084e-01  1.58985451e-01
  1.66642919e-01  1.73953280e-01  1.81015968e-01  1.87901795e-01  1.94658831e-01
  2.01316565e-01  2.07889065e-01  2.14377552e-01  2.20772326e-01  2.27054417e-01
  2.33196959e-01  2.39166722e-01  2.44925633e-01  2.50432789e-01  2.55646467e-01
  2.60526747e-01  2.65037775e-01  2.69150198e-01  2.72842914e-01  2.76104391e-01
  2.78933018e-01  2.81336755e-01  2.83332109e-01  2.84942538e-01  2.86196500e-01
  1.39644831e-01  1.31729677e-01  1.22882821e-01  1.12646557e-01  1.00302376e-01
  9.19383317e-02  8.56832191e-02  8.45434666e-02  8.48960057e-02  8.69203210e-02
  8.83834139e-02  8.89438689e-02  8.89504179e-02  8.87951851e-02  8.87327492e-02
  8.88880789e-02  8.93974379e-02  9.03320387e-02  9.16941911e-02  9.35061350e-02
  9.56620872e-02  9.79007855e-02  9.99903083e-02  1.01796575e-01  1.03250824e-01
  1.04312874e-01  1.04951002e-01  1.05137222e-01  1.04867585e-01  1.04299173e-01
  1.04386836e-01  1.06101967e-01  1.09061383e-01  1.13869675e-01  1.20003857e-01
  1.28000826e-01  1.36748031e-01  1.45332441e-01  1.53620586e-01  1.61635950e-01
  1.69429943e-01  1.77055672e-01  1.84559777e-01  1.91979364e-01  1.99340835e-01
  2.06659585e-01  2.13939935e-01  2.21175343e-01  2.28348464e-01  2.35431507e-01
  2.42386624e-01  2.49166787e-01  2.55717218e-01  2.61977762e-01  2.67886013e-01
  2.73381203e-01  2.78408617e-01  2.82923788e-01  2.86896020e-01  2.90310502e-01
  2.93168962e-01  2.95488715e-01  2.97300220e-01  2.98643827e-01  2.99566031e-01
  1.37413442e-01  1.29671469e-01  1.21291101e-01  1.11927263e-01  1.01529717e-01
  9.56662148e-02  9.33283269e-02  9.28549245e-02  9.32277888e-02  9.36557427e-02
  9.40345451e-02  9.42810401e-02  9.44033563e-02  9.44799930e-02  9.46075842e-02
  9.48719904e-02  9.53395963e-02  9.60518196e-02  9.70216691e-02  9.82310921e-02
  9.96265113e-02  1.01126119e-01  1.02642946e-01  1.04106173e-01  1.05470121e-01
  1.06715553e-01  1.07851706e-01  1.08925804e-01  1.10044666e-01  1.11402296e-01
  1.13269031e-01  1.15896232e-01  1.19442508e-01  1.23980217e-01  1.29490912e-01
  1.35858864e-01  1.42857164e-01  1.50231063e-01  1.57799020e-01  1.65463686e-01
  1.73182711e-01  1.80943310e-01  1.88746557e-01  1.96598202e-01  2.04503074e-01
  2.12461650e-01  2.20467478e-01  2.28505120e-01  2.36548498e-01  2.44559228e-01
  2.52485365e-01  2.60260820e-01  2.67805934e-01  2.75029808e-01  2.81834841e-01
  2.88123578e-01  2.93807089e-01  2.98813283e-01  3.03094149e-01  3.06630045e-01
  3.09430718e-01  3.11532468e-01  3.12992662e-01  3.13882440e-01  3.14279228e-01
  1.35798901e-01  1.28804967e-01  1.22002982e-01  1.15385853e-01  1.09288000e-01
  1.05284922e-01  1.03201844e-01  1.01907305e-01  1.01118989e-01  1.00650422e-01
  1.00360230e-01  1.00165404e-01  1.00032307e-01  9.99638438e-02  9.99843553e-02
  1.00125916e-01  1.00418337e-01  1.00882694e-01  1.01527438e-01  1.02346793e-01
  1.03321739e-01  1.04424164e-01  1.05623893e-01  1.06896356e-01  1.08228974e-01
  1.09626032e-01  1.11112922e-01  1.12740405e-01  1.14587605e-01  1.16759874e-01
  1.19376503e-01  1.22549295e-01  1.26361653e-01  1.30855650e-01  1.36026740e-01
  1.41825244e-01  1.48166910e-01  1.54953524e-01  1.62094936e-01  1.69521898e-01
  1.77187815e-01  1.85064599e-01  1.93136811e-01  2.01396242e-01  2.09837437e-01
  2.18453899e-01  2.27234766e-01  2.36161545e-01  2.45204628e-01  2.54319400e-01
  2.63442248e-01  2.72486329e-01  2.81339020e-01  2.89862156e-01  2.97897875e-01
  3.05280864e-01  3.11856300e-01  3.17498475e-01  3.22126657e-01  3.25714320e-01
  3.28290671e-01  3.29933673e-01  3.30756247e-01  3.30888689e-01  3.30462664e-01
  1.32859424e-01  1.26263618e-01  1.21492393e-01  1.17945313e-01  1.14956945e-01
  1.12467952e-01  1.10521249e-01  1.09044135e-01  1.07924961e-01  1.07067272e-01
  1.06398091e-01  1.05868272e-01  1.05450898e-01  1.05137445e-01  1.04932435e-01
  1.04847789e-01  1.04897790e-01  1.05095223e-01  1.05448917e-01  1.05962738e-01
  1.06636062e-01  1.07465483e-01  1.08447567e-01  1.09582029e-01  1.10874988e-01
  1.12341814e-01  1.14009380e-01  1.15917154e-01  1.18116572e-01  1.20667927e-01
  1.23634420e-01  1.27074212e-01  1.31032512e-01  1.35535672e-01  1.40588477e-01
  1.46175116e-01  1.52263865e-01  1.58814266e-01  1.65784791e-01  1.73138857e-01
  1.80848017e-01  1.88892588e-01  1.97260574e-01  2.05945671e-01  2.14944974e-01
  2.24256307e-01  2.33875364e-01  2.43792236e-01  2.53986835e-01  2.64422983e-01
  2.75039941e-01  2.85741627e-01  2.96383530e-01  3.06761414e-01  3.16610843e-01
  3.25629830e-01  3.33524555e-01  3.40058297e-01  3.45085353e-01  3.48568439e-01
  3.50583822e-01  3.51307720e-01  3.50978881e-01  3.49848747e-01  3.48143518e-01
  1.25950173e-01  1.16492331e-01  1.18200243e-01  1.19251862e-01  1.18465647e-01
  1.17270529e-01  1.16018243e-01  1.14832819e-01  1.13753892e-01  1.12786531e-01
  1.11924194e-01  1.11159533e-01  1.10489182e-01  1.09915189e-01  1.09444566e-01
  1.09087892e-01  1.08857661e-01  1.08766802e-01  1.08827688e-01  1.09051809e-01
  1.09449938e-01  1.10032752e-01  1.10811532e-01  1.11798711e-01  1.13009088e-01
  1.14461653e-01  1.16180673e-01  1.18196018e-01  1.20542437e-01  1.23257726e-01
  1.26379967e-01  1.29944041e-01  1.33978382e-01  1.38502434e-01  1.43525422e-01
  1.49046764e-01  1.55057922e-01  1.61545351e-01  1.68493778e-01  1.75889179e-01
  1.83721021e-01  1.91983536e-01  2.00676098e-01  2.09803179e-01  2.19373524e-01
  2.29399264e-01  2.39894271e-01  2.50872046e-01  2.62342125e-01  2.74304360e-01
  2.86738873e-01  2.99588442e-01  3.12727064e-01  3.25905085e-01  3.38676035e-01
  3.50400478e-01  3.60439926e-01  3.68338734e-01  3.73839229e-01  3.76870334e-01
  3.77588093e-01  3.76422465e-01  3.73962760e-01  3.70726138e-01  3.67073983e-01
  1.33221656e-01  1.27346799e-01  1.24386102e-01  1.23281993e-01  1.22641146e-01
  1.21925689e-01  1.21064804e-01  1.20100766e-01  1.19084455e-01  1.18055306e-01
  1.17041700e-01  1.16064787e-01  1.15142003e-01  1.14289276e-01  1.13522299e-01
  1.12857014e-01  1.12309717e-01  1.11897089e-01  1.11636341e-01  1.11545585e-01
  1.11644544e-01  1.11955188e-01  1.12501249e-01  1.13303244e-01  1.14378251e-01
  1.15744777e-01  1.17423587e-01  1.19437531e-01  1.21811420e-01  1.24571197e-01
  1.27742618e-01  1.31349742e-01  1.35413393e-01  1.39950037e-01  1.44971251e-01
  1.50483891e-01  1.56490996e-01  1.62993133e-01  1.69990078e-01  1.77482620e-01
  1.85474038e-01  1.93971500e-01  2.02987045e-01  2.12538511e-01  2.22650170e-01
  2.33353540e-01  2.44687974e-01  2.56701469e-01  2.69451320e-01  2.83004016e-01
  2.97434092e-01  3.12819064e-01  3.29226315e-01  3.46682370e-01  3.65004361e-01
  3.81944865e-01  3.95579785e-01  4.05605912e-01  4.11786646e-01  4.13871169e-01
  4.11578923e-01  4.05820638e-01  3.99343818e-01  3.92774165e-01  3.86384875e-01
  1.31531954e-01  1.23112597e-01  1.25207067e-01  1.27244011e-01  1.27469465e-01
  1.27092659e-01  1.26378551e-01  1.25440046e-01  1.24351203e-01  1.23168923e-01
  1.21938474e-01  1.20696455e-01  1.19473130e-01  1.18294366e-01  1.17183179e-01
  1.16160810e-01  1.15247570e-01  1.14463545e-01  1.13829389e-01  1.13367513e-01
  1.13104284e-01  1.13074511e-01  1.13331825e-01  1.13905206e-01  1.14796370e-01
  1.16020508e-01  1.17595434e-01  1.19537607e-01  1.21864997e-01  1.24596573e-01
  1.27751604e-01  1.31348759e-01  1.35405332e-01  1.39936566e-01  1.44955426e-01
  1.50472715e-01  1.56497538e-01  1.63038209e-01  1.70103222e-01  1.77702531e-01
  1.85848802e-01  1.94558695e-01  2.03854352e-01  2.13764772e-01  2.24327698e-01
  2.35591769e-01  2.47619465e-01  2.60491103e-01  2.74310559e-01  2.89213926e-01
  3.05382371e-01  3.23063582e-01  3.42606574e-01  3.64501834e-01  3.89114559e-01
  4.13338035e-01  4.29967791e-01  4.43614453e-01  4.50705826e-01  4.52110261e-01
  4.48578566e-01  4.36703265e-01  4.24559593e-01  4.13761288e-01  4.04203475e-01
  1.42540962e-01  1.37230366e-01  1.34852812e-01  1.34226844e-01  1.33879498e-01
  1.33280411e-01  1.32367492e-01  1.31193981e-01  1.29828632e-01  1.28333464e-01
  1.26760259e-01  1.25151724e-01  1.23543315e-01  1.21965170e-01  1.20443568e-01
  1.19002149e-01  1.17662758e-01  1.16446130e-01  1.15372211e-01  1.14460148e-01
  1.13727286e-01  1.13185458e-01  1.13071539e-01  1.13430612e-01  1.14104055e-01
  1.15142636e-01  1.16575435e-01  1.18402235e-01  1.20636277e-01  1.23292103e-01
  1.26385778e-01  1.29933640e-01  1.33951545e-01  1.38454452e-01  1.43456176e-01
  1.48969427e-01  1.55006334e-01  1.61578998e-01  1.68700323e-01  1.76385000e-01
  1.84650540e-01  1.93518594e-01  2.03016385e-01  2.13178486e-01  2.24048942e-01
  2.35684231e-01  2.48157039e-01  2.61561692e-01  2.76021928e-01  2.91702241e-01
  3.08825314e-01  3.27699214e-01  3.48760992e-01  3.72645736e-01  4.00167257e-01
  4.29456383e-01  4.49917942e-01  4.65988785e-01  4.75527376e-01  4.77235556e-01
  4.74782616e-01  4.61036056e-01  4.44485128e-01  4.29993451e-01  4.17790145e-01
  1.46908313e-01  1.40145779e-01  1.40550092e-01  1.41836882e-01  1.41571343e-01
  1.40587226e-01  1.39179245e-01  1.37492657e-01  1.35619298e-01  1.33624852e-01
  1.31559521e-01  1.29463479e-01  1.27369955e-01  1.25307441e-01  1.23301052e-01
  1.21373512e-01  1.19545922e-01  1.17838256e-01  1.16269805e-01  1.14859909e-01
  1.13629796e-01  1.12608120e-01  1.12021618e-01  1.11876555e-01  1.12173431e-01
  1.12946101e-01  1.14260159e-01  1.15946770e-01  1.18058130e-01  1.20603502e-01
  1.23600647e-01  1.27065808e-01  1.31015331e-01  1.35464683e-01  1.40427977e-01
  1.45918369e-01  1.51948661e-01  1.58531934e-01  1.65682137e-01  1.73414901e-01
  1.81748390e-01  1.90704390e-01  2.00309485e-01  2.10596636e-01  2.21607015e-01
  2.33392417e-01  2.46018454e-01  2.59568602e-01  2.74149925e-01  2.89900422e-01
  3.06999058e-01  3.25678080e-01  3.46237272e-01  3.69057804e-01  3.94645452e-01
  4.23754185e-01  4.50462878e-01  4.64859247e-01  4.79356200e-01  4.80969250e-01
  4.80568975e-01  4.71788883e-01  4.53756303e-01  4.37584043e-01  4.24362808e-01
  1.61870137e-01  1.57301754e-01  1.54749632e-01  1.53097212e-01  1.51269034e-01
  1.49130538e-01  1.46766618e-01  1.44253001e-01  1.41642570e-01  1.38974249e-01
  1.36279181e-01  1.33583859e-01  1.30911887e-01  1.28284872e-01  1.25723049e-01
  1.23245597e-01  1.20870911e-01  1.18616506e-01  1.16498478e-01  1.14529863e-01
  1.12716399e-01  1.11278698e-01  1.10250682e-01  1.09656885e-01  1.09519280e-01
  1.09863512e-01  1.10717379e-01  1.12101190e-01  1.14080481e-01  1.16475865e-01
  1.19342603e-01  1.22691207e-01  1.26541629e-01  1.30911976e-01  1.35814756e-01
  1.41261593e-01  1.47263870e-01  1.53833255e-01  1.60982132e-01  1.68724105e-01
  1.77074477e-01  1.86051026e-01  1.95674732e-01  2.05970764e-01  2.16969520e-01
  2.28707939e-01  2.41230890e-01  2.54592776e-01  2.68859178e-01  2.84108341e-01
  3.00432026e-01  3.17935050e-01  3.36732566e-01  3.56946051e-01  3.78711969e-01
  4.02353287e-01  4.29666430e-01  4.45547849e-01  4.55378622e-01  4.66809928e-01
  4.61415410e-01  4.64005262e-01  4.47967499e-01  4.33146834e-01  4.22088176e-01
  1.77533641e-01  1.74207881e-01  1.70103058e-01  1.65860385e-01  1.61913186e-01
  1.58202350e-01  1.54618636e-01  1.51100934e-01  1.47622913e-01  1.44176826e-01
  1.40764832e-01  1.37394413e-01  1.34076267e-01  1.30823001e-01  1.27648547e-01
  1.24567784e-01  1.21596493e-01  1.18751526e-01  1.16051383e-01  1.13517471e-01
  1.11176386e-01  1.09246008e-01  1.07738145e-01  1.06671162e-01  1.06066547e-01
  1.05947867e-01  1.06339872e-01  1.07267693e-01  1.08758502e-01  1.10831864e-01
  1.13555841e-01  1.16742156e-01  1.20454714e-01  1.24727271e-01  1.29553765e-01
  1.34942204e-01  1.40900463e-01  1.47437423e-01  1.54562309e-01  1.62284717e-01
  1.70614839e-01  1.79563746e-01  1.89143702e-01  1.99368432e-01  2.10253447e-01
  2.21815959e-01  2.34074786e-01  2.47049510e-01  2.60758877e-01  2.75217801e-01
  2.90431798e-01  3.06387454e-01  3.23036104e-01  3.40263695e-01  3.57830793e-01
  3.75231564e-01  3.91429007e-01  4.05012757e-01  4.15356815e-01  4.22282517e-01
  4.25647587e-01  4.25765008e-01  4.22883511e-01  4.18116331e-01  4.12815630e-01
  1.91179618e-01  1.89019114e-01  1.82931602e-01  1.76722124e-01  1.71420142e-01
  1.66555226e-01  1.61948413e-01  1.57510653e-01  1.53192252e-01  1.48965776e-01
  1.44817665e-01  1.40743434e-01  1.36744648e-01  1.32827029e-01  1.28999233e-01
  1.25272080e-01  1.21658050e-01  1.18171312e-01  1.14828400e-01  1.11651286e-01
  1.08837016e-01  1.06414020e-01  1.04407340e-01  1.02841444e-01  1.01741061e-01
  1.01131268e-01  1.01037212e-01  1.01483762e-01  1.02495097e-01  1.04093671e-01
  1.06300898e-01  1.09123722e-01  1.12606101e-01  1.16829574e-01  1.21577829e-01
  1.26906216e-01  1.32814780e-01  1.39312357e-01  1.46404579e-01  1.54096499e-01
  1.62392154e-01  1.71294823e-01  1.80806980e-01  1.90930113e-01  2.01664507e-01
  2.13008389e-01  2.24956736e-01  2.37499341e-01  2.50617743e-01  2.64280617e-01
  2.78437018e-01  2.93006271e-01  3.07863414e-01  3.22818995e-01  3.37593526e-01
  3.51797253e-01  3.64945531e-01  3.76545519e-01  3.86213452e-01  3.93726975e-01
  3.99026930e-01  4.02216673e-01  4.03558552e-01  4.03454483e-01  4.02353078e-01
  1.97579578e-01  1.94790319e-01  1.90269068e-01  1.84775844e-01  1.79136097e-01
  1.73633486e-01  1.68303981e-01  1.63125977e-01  1.58072740e-01  1.53123870e-01
  1.48266584e-01  1.43494710e-01  1.38807312e-01  1.34207517e-01  1.29701495e-01
  1.25297576e-01  1.21005200e-01  1.16833150e-01  1.12785615e-01  1.09069251e-01
  1.05714366e-01  1.02749042e-01  1.00200579e-01  9.80962366e-02  9.64634046e-02
  9.53294784e-02  9.47215930e-02  9.46662575e-02  9.51890126e-02  9.63142365e-02
  9.80652422e-02  1.00464769e-01  1.03539735e-01  1.07318468e-01  1.11818522e-01
  1.17113501e-01  1.22967355e-01  1.29431352e-01  1.36498451e-01  1.44170240e-01
  1.52443990e-01  1.61315128e-01  1.70776650e-01  1.80818960e-01  1.91429362e-01
  2.02591106e-01  2.14281797e-01  2.26471290e-01  2.39118874e-01  2.52169341e-01
  2.65548199e-01  2.79155612e-01  2.92859584e-01  3.06489766e-01  3.19834113e-01
  3.32643598e-01  3.44649166e-01  3.55591446e-01  3.65254551e-01  3.73492002e-01
  3.80240709e-01  3.85523468e-01  3.89441162e-01  3.92152965e-01  3.93845946e-01
  2.08033472e-01  2.06317559e-01  1.99024662e-01  1.91891268e-01  1.85585678e-01
  1.79535896e-01  1.73632815e-01  1.67842463e-01  1.62148044e-01  1.56539261e-01
  1.51010200e-01  1.45558760e-01  1.40186265e-01  1.34897023e-01  1.29698053e-01
  1.24598958e-01  1.19612277e-01  1.14755198e-01  1.10055029e-01  1.05717063e-01
  1.01754151e-01  9.81878638e-02  9.50442925e-02  9.23520178e-02  9.01409164e-02
  8.84413645e-02  8.72835591e-02  8.66969228e-02  8.67096707e-02  8.73484612e-02
  8.86383057e-02  9.06027183e-02  9.32641849e-02  9.66438651e-02  1.00761227e-01
  1.05636775e-01  1.11280382e-01  1.17762215e-01  1.24824040e-01  1.32509962e-01
  1.40801549e-01  1.49688438e-01  1.59154415e-01  1.69180349e-01  1.79743960e-01
  1.90818503e-01  2.02371299e-01  2.14361921e-01  2.26740181e-01  2.39443690e-01
  2.52395183e-01  2.65499830e-01  2.78643131e-01  2.91689992e-01  3.04486364e-01
  3.16864461e-01  3.28651875e-01  3.39684159e-01  3.49818021e-01  3.58942568e-01
  3.66986603e-01  3.73920619e-01  3.79753888e-01  3.84526908e-01  3.88301462e-01
  2.10406706e-01  2.07687378e-01  2.03019351e-01  1.97109446e-01  1.90787733e-01
  1.84397057e-01  1.78027466e-01  1.71700135e-01  1.65420666e-01  1.59191638e-01
  1.53015777e-01  1.46896854e-01  1.40840143e-01  1.34852573e-01  1.28942668e-01
  1.23120233e-01  1.17395125e-01  1.11773990e-01  1.06458113e-01  1.01479188e-01
  9.68652293e-02  9.26452801e-02  8.88504684e-02  8.55138823e-02  8.26699287e-02
  8.03535730e-02  7.85995349e-02  7.74415508e-02  7.69116804e-02  7.70397037e-02
  7.78527483e-02  7.93749690e-02  8.16275030e-02  8.46283808e-02  8.83927420e-02
  9.29332972e-02  9.82606634e-02  1.04386657e-01  1.11312166e-01  1.19102627e-01
  1.27472341e-01  1.36454329e-01  1.46012813e-01  1.56119809e-01  1.66747734e-01
  1.77865043e-01  1.89434677e-01  2.01413006e-01  2.13748649e-01  2.26381287e-01
  2.39240408e-01  2.52244383e-01  2.65299946e-01  2.78302640e-01  2.91138411e-01
  3.03686559e-01  3.15824151e-01  3.27430904e-01  3.38394582e-01  3.48615140e-01
  3.58007580e-01  3.66503209e-01  3.74049485e-01  3.80609214e-01  3.86159986e-01
  2.19307452e-01  2.17560604e-01  2.09852919e-01  2.02274024e-01  1.95352867e-01
  1.88509285e-01  1.81662008e-01  1.74807519e-01  1.67955384e-01  1.61115751e-01
  1.54297724e-01  1.47509977e-01  1.40761405e-01  1.34061918e-01  1.27423063e-01
  1.20858952e-01  1.14388391e-01  1.08040415e-01  1.02012895e-01  9.63208526e-02
  9.09892023e-02  8.60490501e-02  8.15357789e-02  7.74877891e-02  7.39453807e-02
  7.09496886e-02  6.85416535e-02  6.67609498e-02  6.56450689e-02  6.52283952e-02
  6.55415356e-02  6.66107088e-02  6.84574470e-02  7.10984319e-02  7.45456666e-02
  7.88068995e-02  8.38863254e-02  8.97856802e-02  9.65049416e-02  1.04046166e-01
  1.12400271e-01  1.21626578e-01  1.31396651e-01  1.41700491e-01  1.52520463e-01
  1.63825527e-01  1.75577924e-01  1.87734708e-01  2.00247616e-01  2.13062599e-01
  2.26119369e-01  2.39351153e-01  2.52684683e-01  2.66040474e-01  2.79333502e-01
  2.92474329e-01  3.05370212e-01  3.17926049e-01  3.30045074e-01  3.41628402e-01
  3.52574289e-01  3.62776995e-01  3.72126669e-01  3.80512059e-01  3.87826890e-01
  2.20241204e-01  2.17435956e-01  2.12540179e-01  2.06212416e-01  1.99249521e-01
  1.92026600e-01  1.84683070e-01  1.77275315e-01  1.69830725e-01  1.62365794e-01
  1.54892564e-01  1.47421524e-01  1.39962912e-01  1.32527456e-01  1.25126541e-01
  1.17771573e-01  1.10471077e-01  1.03419065e-01  9.66471508e-02  9.01858732e-02
  8.40691105e-02  7.83351585e-02  7.30264708e-02  6.81888685e-02  6.38705119e-02
  6.01206757e-02  5.69884889e-02  5.45215979e-02  5.27648926e-02  5.17593026e-02
  5.15407287e-02  5.21392040e-02  5.35782948e-02  5.58747984e-02  5.90388142e-02
  6.30741864e-02  6.79793358e-02  7.37485439e-02  8.03737566e-02  8.78471211e-02
  9.61641893e-02  1.05332695e-01  1.15368836e-01  1.25949666e-01  1.37087733e-01
  1.48728356e-01  1.60827354e-01  1.73343018e-01  1.86231732e-01  1.99447200e-01
  2.12940305e-01  2.26659179e-01  2.40549251e-01  2.54553318e-01  2.68611431e-01
  2.82660782e-01  2.96634734e-01  3.10461164e-01  3.24059635e-01  3.37336570e-01
  3.50178719e-01  3.62445623e-01  3.73963118e-01  3.84523392e-01  3.93897653e-01
  2.27106541e-01  2.24728376e-01  2.18668535e-01  2.10979953e-01  2.03101844e-01
  1.95178673e-01  1.87204570e-01  1.79178610e-01  1.71105146e-01  1.62990525e-01
  1.54842004e-01  1.46667808e-01  1.38477296e-01  1.30281627e-01  1.22094572e-01
  1.13934644e-01  1.05830602e-01  9.79710296e-02  9.03719366e-02  8.30617249e-02
  7.60776848e-02  6.94642067e-02  6.32714182e-02  5.75540066e-02  5.23697846e-02
  4.77782451e-02  4.38389294e-02  4.06097732e-02  3.81454043e-02  3.64955589e-02
  3.57036069e-02  3.58053446e-02  3.68280746e-02  3.87900807e-02  4.17005271e-02
  4.55598272e-02  5.03604785e-02  5.60883805e-02  6.27245009e-02  7.02469274e-02
  7.86328092e-02  8.78598616e-02  9.79046896e-02  1.08737163e-01  1.20404743e-01
  1.32552221e-01  1.45158321e-01  1.58197656e-01  1.71634451e-01  1.85430467e-01
  1.99547529e-01  2.13948399e-01  2.28596866e-01  2.43457869e-01  2.58497208e-01
  2.73680836e-01  2.88973540e-01  3.04336101e-01  3.19720358e-01  3.35061163e-01
  3.50262910e-01  3.65178674e-01  3.79579872e-01  3.93122256e-01  4.05342340e-01
  2.32898846e-01  2.30879471e-01  2.23727524e-01  2.14951903e-01  2.06330076e-01
  1.97757974e-01  1.89161330e-01  1.80512473e-01  1.71801344e-01  1.63025692e-01
  1.54187515e-01  1.45291537e-01  1.36344582e-01  1.27355024e-01  1.18331864e-01
  1.09281935e-01  1.00389019e-01  9.16816518e-02  8.31905752e-02  7.49532357e-02
  6.70148656e-02  5.94283603e-02  5.22534698e-02  4.55556065e-02  3.94043587e-02
  3.38717252e-02  2.90301740e-02  2.49505360e-02  2.16998532e-02  1.93392821e-02
  1.79221239e-02  1.74921528e-02  1.80822816e-02  1.97137259e-02  2.23956872e-02
  2.61256136e-02  3.08900550e-02  3.66660804e-02  4.34231944e-02  5.11256643e-02
  5.97351603e-02  6.92137033e-02  7.95270950e-02  9.06501859e-02  1.02577679e-01
  1.15321830e-01  1.28537983e-01  1.42239094e-01  1.56369001e-01  1.70888469e-01
  1.85767487e-01  2.00982630e-01  2.16516033e-01  2.32355446e-01  2.48494312e-01
  2.64931947e-01  2.81673193e-01  2.98727185e-01  3.16104650e-01  3.33811939e-01
  3.51839840e-01  3.70141357e-01  3.88584048e-01  4.06815857e-01  4.23847586e-01
  2.34728545e-01  2.32085213e-01  2.25817814e-01  2.17526183e-01  2.08671600e-01
  1.99643359e-01  1.90510094e-01  1.81279168e-01  1.71948448e-01  1.62516460e-01
  1.52984172e-01  1.43354952e-01  1.33634761e-01  1.23832598e-01  1.13962434e-01
  1.04048371e-01  9.42662060e-02  8.46286118e-02  7.51638189e-02  6.59125447e-02
  5.69265150e-02  4.82674167e-02  4.00057137e-02  3.22192162e-02  2.49913484e-02
  1.84090454e-02  1.25603769e-02  7.53195072e-03  3.40618240e-03  2.58570653e-04
 -1.84487936e-03 -2.84993718e-03 -2.71598413e-03 -1.41727854e-03  1.05645112e-03
  4.70014801e-03  9.49431490e-03  1.54066253e-02  2.23941728e-02  3.04062758e-02
  3.93876731e-02  4.92820404e-02  6.00356236e-02  7.16008171e-02  8.39389488e-02
  9.70194340e-02  1.10814251e-01  1.25389218e-01  1.40362382e-01  1.55720696e-01
  1.71452776e-01  1.87552333e-01  2.04020262e-01  2.20866516e-01  2.38111794e-01
  2.55789578e-01  2.73948371e-01  2.92654306e-01  3.11994374e-01  3.32080364e-01
  3.53053838e-01  3.75093371e-01  3.98423612e-01  4.23328370e-01  4.48960006e-01
  2.40310207e-01  2.38486633e-01  2.29940027e-01  2.20020369e-01  2.10506260e-01
  2.00979188e-01  1.91335231e-01  1.81550130e-01  1.71617880e-01  1.61537409e-01
  1.51309744e-01  1.40937150e-01  1.30422875e-01  1.19770296e-01  1.08980425e-01
  9.82238501e-02  8.75204951e-02  7.68958926e-02  6.63859099e-02  5.60383499e-02
  4.59132381e-02  3.60823497e-02  2.66282819e-02  1.76429823e-02  9.22580902e-03
  1.48110499e-03 -5.48464665e-03 -1.15660178e-02 -1.66620482e-02 -2.06797179e-02
 -2.35372987e-02 -2.51673702e-02 -2.55193282e-02 -2.45611686e-02 -2.22804453e-02
 -1.86842959e-02 -1.37985023e-02 -7.66562438e-03 -3.42317595e-04  8.10405705e-03
  1.75993368e-02  2.80667972e-02  3.94315757e-02  5.16250990e-02  6.45894557e-02
  7.82819167e-02  9.26809236e-02  1.07797332e-01  1.23670042e-01  1.39917001e-01
  1.56533673e-01  1.73523590e-01  1.90900445e-01  2.08690539e-01  2.26935416e-01
  2.45695308e-01  2.65053630e-01  2.85123140e-01  3.06054652e-01  3.28049392e-01
  3.51377577e-01  3.76408398e-01  4.03672814e-01  4.34129626e-01  4.72175628e-01
  2.39357427e-01  2.36355886e-01  2.29890123e-01  2.21230522e-01  2.11727217e-01
  2.01864645e-01  1.91760197e-01  1.81442097e-01  1.70918956e-01  1.60194784e-01
  1.49272099e-01  1.38153166e-01  1.26841247e-01  1.15343034e-01  1.03674337e-01
  9.19952095e-02  8.03083405e-02  6.86349049e-02  5.70122451e-02  4.54931408e-02
  3.41453962e-02  2.30512451e-02  1.23063419e-02  2.01820023e-03 -7.69597245e-03
 -1.67120639e-02 -2.49024313e-02 -3.21397707e-02 -3.83013301e-02 -4.32732850e-02
 -4.69550192e-02 -4.92630564e-02 -5.01343794e-02 -4.95288968e-02 -4.74308543e-02
 -4.38490696e-02 -3.88159566e-02 -3.23853604e-02 -2.46293340e-02 -1.56340431e-02
 -5.49502019e-03  5.68798417e-03  1.78163331e-02  3.07978224e-02  4.45518978e-02
  5.90147376e-02  7.41443112e-02  8.99252370e-02  1.06372021e-01  1.23532876e-01
  1.41030937e-01  1.58872753e-01  1.77076921e-01  1.95677295e-01  2.14725390e-01
  2.34293595e-01  2.54480153e-01  2.75416464e-01  2.97277302e-01  3.20295215e-01
  3.44780058e-01  3.71143788e-01  3.99927825e-01  4.31849867e-01  4.68117982e-01
  2.46195838e-01  2.44441107e-01  2.34081984e-01  2.23174572e-01  2.12931335e-01
  2.02570498e-01  1.91964611e-01  1.81099504e-01  1.69979721e-01  1.58609554e-01
  1.46990150e-01  1.35119528e-01  1.22992553e-01  1.10599481e-01  9.80977640e-02
  8.54926705e-02  7.27970824e-02  6.00370467e-02  4.72542532e-02  3.45072746e-02
  2.18720231e-02  9.44158062e-03 -2.67463177e-03 -1.43524110e-02 -2.54551098e-02
 -3.58368009e-02 -4.53461930e-02 -5.38312756e-02 -6.11444339e-02 -6.71478733e-02
 -7.17189983e-02 -7.47554228e-02 -7.61793107e-02 -7.59406462e-02 -7.40192235e-02
 -7.04251528e-02 -6.51978776e-02 -5.84036559e-02 -5.01316898e-02 -4.04892303e-02
 -2.95958556e-02 -1.75772794e-02 -4.55904193e-03  9.33969114e-03  2.40119863e-02
  3.93685475e-02  5.53425513e-02  7.18939230e-02  8.90129358e-02  1.06723636e-01
  1.25087485e-01  1.43724188e-01  1.62646145e-01  1.81887791e-01  2.01500192e-01
  2.21551821e-01  2.42132276e-01  2.63357937e-01  2.85380155e-01  3.08396786e-01
  3.32669377e-01  3.58548790e-01  3.86507660e-01  4.17088270e-01  4.49681491e-01
  2.43027896e-01  2.39637107e-01  2.33037397e-01  2.24094376e-01  2.13953108e-01
  2.03211442e-01  1.92085549e-01  1.80646569e-01  1.68916821e-01  1.56900853e-01
  1.44595757e-01  1.31994903e-01  1.19089663e-01  1.05869763e-01  9.24896002e-02
  7.89366961e-02  6.52164295e-02  5.13524674e-02  3.73876244e-02  2.33846754e-02
  9.42685176e-03 -4.38220846e-03 -1.79191679e-02 -3.10425516e-02 -4.35952432e-02
 -5.54080047e-02 -6.63040057e-02 -7.61042312e-02 -8.46336335e-02 -9.17277336e-02
 -9.72392261e-02 -1.01044297e-01 -1.03048086e-01 -1.03188939e-01 -1.01441130e-01
 -9.78156850e-02 -9.23593864e-02 -8.51518586e-02 -7.63010532e-02 -6.59373626e-02
 -5.42067774e-02 -4.12635617e-02 -2.72628255e-02 -1.23533299e-02  3.32911871e-03
  1.96675770e-02  3.65690254e-02  5.39685488e-02  7.18326494e-02  9.01614800e-02
  1.08989425e-01  1.28381640e-01  1.47905648e-01  1.67616531e-01  1.87563092e-01
  2.07798228e-01  2.28384286e-01  2.49396369e-01  2.70925075e-01  2.93079197e-01
  3.15989286e-01  3.39814126e-01  3.64758670e-01  3.91125143e-01  4.19045419e-01
  2.50629902e-01  2.48529419e-01  2.38936543e-01  2.27143392e-01  2.15602666e-01
  2.04005450e-01  1.92202687e-01  1.80141822e-01  1.67797565e-01  1.55151457e-01
  1.42186612e-01  1.28887117e-01  1.15239792e-01  1.01239316e-01  8.70137960e-02
  7.25408792e-02  5.78203574e-02  4.28735837e-02  2.77439561e-02  1.24977930e-02
 -2.77500856e-03 -1.79607589e-02 -3.29225138e-02 -4.75015566e-02 -6.15200214e-02
 -7.47847259e-02 -8.70922655e-02 -9.82352942e-02 -1.08009681e-01 -1.16222411e-01
 -1.22699551e-01 -1.27293974e-01 -1.29892096e-01 -1.30419329e-01 -1.28843471e-01
 -1.25176042e-01 -1.19471252e-01 -1.11822747e-01 -1.02358244e-01 -9.12326276e-02
 -7.86199123e-02 -6.47046044e-02 -4.96730655e-02 -3.37052196e-02 -1.69670619e-02
  3.95913521e-04  1.82642527e-02  3.65492366e-02  5.51970489e-02  7.41932541e-02
  9.35692042e-02  1.13414086e-01  1.33343175e-01  1.53351203e-01  1.73447669e-01
  1.93651274e-01  2.13985652e-01  2.34475583e-01  2.55142123e-01  2.75994927e-01
  2.97018677e-01  3.18146020e-01  3.39201897e-01  3.59786540e-01  3.79098982e-01
  2.51202941e-01  2.48412281e-01  2.39887714e-01  2.28543460e-01  2.16628253e-01
  2.04491705e-01  1.92136735e-01  1.79528728e-01  1.66632324e-01  1.53414994e-01
  1.39845490e-01  1.25891864e-01  1.11518487e-01  9.68521088e-02  8.18667859e-02
  6.65472001e-02  5.08948043e-02  3.49314660e-02  1.87019911e-02  2.27608043e-03
 -1.42502859e-02 -3.07541583e-02 -4.70858216e-02 -6.30701184e-02 -7.85090923e-02
 -9.31861103e-02 -1.06871456e-01 -1.19329408e-01 -1.30326539e-01 -1.39640763e-01
 -1.47070885e-01 -1.52445644e-01 -1.55632019e-01 -1.56541616e-01 -1.55135214e-01
 -1.51424363e-01 -1.45470515e-01 -1.37381241e-01 -1.27304181e-01 -1.15418956e-01
 -1.01927914e-01 -8.70461166e-02 -7.09914416e-02 -5.39751798e-02 -3.61936837e-02
 -1.78212728e-02  9.95487324e-04  2.01421473e-02  3.95394973e-02  5.91455437e-02
  7.89562017e-02  9.90037695e-02  1.19349733e-01  1.39614195e-01  1.59787342e-01
  1.79868445e-01  1.99855223e-01  2.19737321e-01  2.39489675e-01  2.59063572e-01
  2.78373688e-01  2.97279775e-01  3.15563560e-01  3.32908541e-01  3.48904818e-01
  2.53155649e-01  2.50497907e-01  2.41368115e-01  2.29419649e-01  2.17084408e-01
  2.04555899e-01  1.91800177e-01  1.78775609e-01  1.65442273e-01  1.51761755e-01
  1.37696370e-01  1.23208135e-01  1.08258031e-01  9.29713994e-02  7.73041248e-02
  6.12319410e-02  4.47514765e-02  2.78822351e-02  1.06688477e-02 -6.81682024e-03
 -2.44739484e-02 -4.21717130e-02 -5.97491786e-02 -7.70164505e-02 -9.37572867e-02
 -1.09733447e-01 -1.24690711e-01 -1.38366729e-01 -1.50500268e-01 -1.60841540e-01
 -1.69163078e-01 -1.75270289e-01 -1.79011047e-01 -1.80283412e-01 -1.79040879e-01
 -1.75294667e-01 -1.69112712e-01 -1.60615653e-01 -1.49969906e-01 -1.37378603e-01
 -1.23070918e-01 -1.07290924e-01 -9.02863145e-02 -7.22979978e-02 -5.35509028e-02
 -3.42463627e-02 -1.45562096e-02  5.38141094e-03  2.54646037e-02  4.56288159e-02
  6.58464730e-02  8.61250311e-02  1.06502943e-01  1.27042934e-01  1.47278845e-01
  1.67227641e-01  1.86883226e-01  2.06222102e-01  2.25202277e-01  2.43759289e-01
  2.61800468e-01  2.79199243e-01  2.95791417e-01  3.11377615e-01  3.25736225e-01
  2.53993154e-01  2.51402259e-01  2.41845682e-01  2.29525134e-01  2.16958374e-01
  2.04208165e-01  1.91209495e-01  1.77914113e-01  1.64279863e-01  1.50266334e-01
  1.35833263e-01  1.20939560e-01  1.05542503e-01  8.97581503e-02  7.35371634e-02
  5.68503551e-02  3.96905690e-02  2.20749564e-02  4.04746505e-03 -1.43187735e-02
 -3.29193845e-02 -5.16173728e-02 -7.02427402e-02 -8.85934308e-02 -1.06437907e-01
 -1.23519592e-01 -1.39563337e-01 -1.54283792e-01 -1.67395532e-01 -1.78624496e-01
 -1.87720016e-01 -1.94466755e-01 -1.98695436e-01 -2.00291768e-01 -1.99202433e-01
 -1.95437863e-01 -1.89071357e-01 -1.80234656e-01 -1.69110432e-01 -1.55922115e-01
 -1.40922323e-01 -1.24380283e-01 -1.06569611e-01 -8.77568796e-02 -6.81916475e-02
 -4.80983630e-02 -2.76701786e-02 -7.06469687e-03  1.35985659e-02  3.42393890e-02
  5.48172705e-02  7.53320307e-02  9.58264768e-02  1.16395317e-01  1.36608735e-01
  1.56421483e-01  1.75802588e-01  1.94718033e-01  2.13122860e-01  2.30956852e-01
  2.48142198e-01  2.64582694e-01  2.80165285e-01  2.94765025e-01  3.08253527e-01
  2.52146691e-01  2.49006778e-01  2.40330577e-01  2.28701517e-01  2.16284469e-01
  2.03519776e-01  1.90442309e-01  1.77024588e-01  1.63229972e-01  1.49020463e-01
  1.34356797e-01  1.19197451e-01  1.03497870e-01  8.73677507e-02  7.07554966e-02
  5.36293946e-02  3.59799936e-02  1.78228151e-02 -7.98828260e-04 -1.98111106e-02
 -3.91073301e-02 -5.85462302e-02 -7.79513717e-02 -9.71118808e-02 -1.15784980e-01
 -1.33700475e-01 -1.50567442e-01 -1.66083127e-01 -1.79943606e-01 -1.91856101e-01
 -2.01551974e-01 -2.08799571e-01 -2.13416085e-01 -2.15277210e-01 -2.14323908e-01
 -2.10565582e-01 -2.04079166e-01 -1.95004597e-01 -1.83536679e-01 -1.69914290e-01
 -1.54407784e-01 -1.37305632e-01 -1.18901260e-01 -9.94808152e-02 -7.93126822e-02
 -5.86389005e-02 -3.76688167e-02 -1.65748317e-02  4.50993655e-03  2.54923180e-02
  4.63183932e-02  6.69715181e-02  8.74686092e-02  1.07852794e-01  1.28176346e-01
  1.47933900e-01  1.67131096e-01  1.85751602e-01  2.03762561e-01  2.21116915e-01
  2.37755001e-01  2.53606379e-01  2.68592715e-01  2.82631934e-01  2.95643955e-01
  2.53680915e-01  2.51406103e-01  2.40740433e-01  2.27889925e-01  2.15351403e-01
  2.02655762e-01  1.89633504e-01  1.76226422e-01  1.62401214e-01  1.48126766e-01
  1.33368671e-01  1.18087910e-01  1.02240413e-01  8.59332234e-02  6.91142380e-02
  5.17508052e-02  3.38324271e-02  1.53737506e-02 -3.58236302e-03 -2.29618698e-02
 -4.26569618e-02 -6.25241920e-02 -8.23836550e-02 -1.02019608e-01 -1.21182919e-01
 -1.39595583e-01 -1.56957537e-01 -1.72955722e-01 -1.87275231e-01 -1.99611992e-01
 -2.09686354e-01 -2.17256561e-01 -2.22131237e-01 -2.24179536e-01 -2.23338425e-01
 -2.19616041e-01 -2.13090941e-01 -2.03907460e-01 -1.92267224e-01 -1.78417981e-01
 -1.62640527e-01 -1.45234719e-01 -1.26505807e-01 -1.06751747e-01 -8.62523317e-02
 -6.52603284e-02 -4.39950004e-02 -2.26377752e-02 -1.32995029e-03  1.98279377e-02
  4.07754630e-02  6.14907928e-02  8.19888115e-02  1.02319732e-01  1.22570209e-01
  1.42218769e-01  1.61257014e-01  1.79666281e-01  1.97417185e-01  2.14470372e-01
  2.30777785e-01  2.46284634e-01  2.60932118e-01  2.74660647e-01  2.87413955e-01
  2.47111157e-01  2.43243605e-01  2.35791057e-01  2.25668088e-01  2.14118630e-01
  2.01806352e-01  1.88966110e-01  1.75663978e-01  1.61907136e-01  1.47679493e-01
  1.32953122e-01  1.17692135e-01  1.01853944e-01  8.55456665e-02  6.87157735e-02
  5.13317548e-02  3.33830044e-02  1.48839336e-02 -4.12287423e-03 -2.35636272e-02
 -4.33306620e-02 -6.32804930e-02 -8.32329392e-02 -1.02971688e-01 -1.22246675e-01
 -1.40778586e-01 -1.58265635e-01 -1.74392670e-01 -1.88842386e-01 -2.01308027e-01
 -2.11507127e-01 -2.19195142e-01 -2.24178046e-01 -2.26322681e-01 -2.25564137e-01
 -2.21909240e-01 -2.15435952e-01 -2.06288651e-01 -1.94669709e-01 -1.80828258e-01
 -1.65047020e-01 -1.47628203e-01 -1.28879771e-01 -1.09102622e-01 -8.85795578e-02
 -6.75664395e-02 -4.62855697e-02 -2.49213446e-02 -3.61787016e-03  1.75217390e-02
  3.84348705e-02  5.90981618e-02  7.95260221e-02  9.97693837e-02  1.19915180e-01
  1.39449731e-01  1.58361167e-01  1.76629499e-01  1.94226205e-01  2.11114779e-01
  2.27251709e-01  2.42588311e-01  2.57073045e-01  2.70654529e-01  2.83284843e-01
  2.52400786e-01  2.50349283e-01  2.38998339e-01  2.26140097e-01  2.13873550e-01
  2.01436475e-01  1.88645691e-01  1.75449237e-01  1.61820009e-01  1.47731543e-01
  1.33152813e-01  1.18047386e-01  1.02373324e-01  8.62397030e-02  6.95960075e-02
  5.24106435e-02  3.46736610e-02  1.63997710e-02 -2.36861710e-03 -2.15584449e-02
 -4.10634503e-02 -6.07422851e-02 -8.04177150e-02 -9.98772010e-02 -1.18875265e-01
 -1.37137905e-01 -1.54369265e-01 -1.70260519e-01 -1.84500769e-01 -1.96789518e-01
 -2.06850022e-01 -2.14442536e-01 -2.19376609e-01 -2.21521199e-01 -2.20811889e-01
 -2.17254266e-01 -2.10923433e-01 -2.01959431e-01 -1.90559179e-01 -1.76965460e-01
 -1.61454171e-01 -1.44320622e-01 -1.25866041e-01 -1.06385104e-01 -8.61550793e-02
 -6.54270947e-02 -4.44195680e-02 -2.33138781e-02 -2.25190562e-03  1.86647624e-02
  3.93744484e-02  5.98542579e-02  8.01187009e-02  1.00218557e-01  1.20240435e-01
  1.39668152e-01  1.58489421e-01  1.76683739e-01  1.94221869e-01  2.11066052e-01
  2.27170974e-01  2.42485315e-01  2.56954223e-01  2.70522416e-01  2.83137739e-01
  2.47668386e-01  2.44244605e-01  2.36172333e-01  2.25317851e-01  2.13487819e-01
  2.01206118e-01  1.88558459e-01  1.75537795e-01  1.62118062e-01  1.48268089e-01
  1.33953571e-01  1.19137019e-01  1.03777334e-01  8.79877582e-02  7.17194676e-02
  5.49425818e-02  3.76485623e-02  1.98529176e-02  1.59797969e-03 -1.70444306e-02
 -3.59706692e-02 -5.50436266e-02 -7.40920678e-02 -9.29113254e-02 -1.11265682e-01
 -1.28892645e-01 -1.45509407e-01 -1.60821229e-01 -1.74531877e-01 -1.86355367e-01
 -1.96028501e-01 -2.03323409e-01 -2.08058998e-01 -2.10110486e-01 -2.09416106e-01
 -2.05980361e-01 -1.99873522e-01 -1.91227347e-01 -1.80227563e-01 -1.67103544e-01
 -1.52116314e-01 -1.35545656e-01 -1.17677316e-01 -9.87911969e-02 -7.91509524e-02
 -5.89955710e-02 -3.85330357e-02 -1.79359503e-02  2.66091246e-03  2.31615137e-02
  4.35082354e-02  6.36807084e-02  8.36942717e-02  1.03598855e-01  1.23480387e-01
  1.42810613e-01  1.61580592e-01  1.79770932e-01  1.97350800e-01  2.14277819e-01
  2.30498835e-01  2.45951280e-01  2.60565817e-01  2.74269998e-01  2.86993265e-01
  2.49545813e-01  2.47109771e-01  2.37276465e-01  2.25173935e-01  2.13163286e-01
  2.01001629e-01  1.88573867e-01  1.75826877e-01  1.62721798e-01  1.49222687e-01
  1.35293499e-01  1.20897025e-01  1.05994321e-01  9.07057598e-02  7.49853924e-02
  5.88062145e-02  4.21620384e-02  2.50697322e-02  7.57161016e-03 -1.02622407e-02
 -2.83319689e-02 -4.65066060e-02 -6.46236464e-02 -8.24898928e-02 -9.98838097e-02
 -1.16559699e-01 -1.32253706e-01 -1.46691725e-01 -1.59598917e-01 -1.70710579e-01
 -1.79783508e-01 -1.86607406e-01 -1.91015229e-01 -1.92891821e-01 -1.92179903e-01
 -1.88883007e-01 -1.83064967e-01 -1.74846143e-01 -1.64396450e-01 -1.51926115e-01
 -1.37674704e-01 -1.21899344e-01 -1.04863040e-01 -8.68236646e-02 -6.80243671e-02
 -4.86855730e-02 -2.89989002e-02 -9.12284944e-03  1.08197732e-02  3.07429899e-02
  5.05975001e-02  7.03692734e-02  9.00763944e-02  1.09762020e-01  1.29477367e-01
  1.48708746e-01  1.67463511e-01  1.85726792e-01  2.03465968e-01  2.20631719e-01
  2.37157837e-01  2.52961606e-01  2.67945647e-01  2.82002270e-01  2.95021117e-01
  2.46030286e-01  2.42979512e-01  2.34771505e-01  2.23909408e-01  2.12400019e-01
  2.00606227e-01  1.88550383e-01  1.76205203e-01  1.63535938e-01  1.50507510e-01
  1.37085259e-01  1.23234287e-01  1.08918771e-01  9.42686200e-02  7.92431533e-02
  6.38202429e-02  4.79972959e-02  3.17930877e-02  1.52498949e-02 -1.56449375e-03
 -1.85551327e-02 -3.55988778e-02 -5.25442250e-02 -6.92122951e-02 -8.53992030e-02
 -1.00879982e-01 -1.15414143e-01 -1.28752887e-01 -1.40647605e-01 -1.50859624e-01
 -1.59170166e-01 -1.65390447e-01 -1.69370696e-01 -1.71007633e-01 -1.70249730e-01
 -1.67099640e-01 -1.61613747e-01 -1.53898790e-01 -1.44105792e-01 -1.32421806e-01
 -1.19060323e-01 -1.04250781e-01 -8.82280916e-02 -7.12227896e-02 -5.34522571e-02
 -3.51133198e-02 -1.63764637e-02  2.61846324e-03  2.17651296e-02  4.09925394e-02
  6.02662861e-02  7.95900971e-02  9.90094692e-02  1.18621424e-01  1.37986094e-01
  1.57061741e-01  1.75823361e-01  1.94244206e-01  2.12286234e-01  2.29893476e-01
  2.46986181e-01  2.63455749e-01  2.79161572e-01  2.93933302e-01  3.07581842e-01
  2.44683743e-01  2.41991371e-01  2.33452186e-01  2.22497910e-01  2.11301044e-01
  1.99957192e-01  1.88403040e-01  1.76589385e-01  1.64478332e-01  1.52037814e-01
  1.39237985e-01  1.26048669e-01  1.12436347e-01  9.85319391e-02  8.43126178e-02
  6.97650090e-02  5.48910871e-02  3.97115424e-02  2.42681224e-02  8.62549618e-03
 -7.12741166e-03 -2.28767060e-02 -3.84836160e-02 -5.37856221e-02 -6.85987696e-02
 -8.27213228e-02 -9.59388390e-02 -1.08030505e-01 -1.18776664e-01 -1.27967179e-01
 -1.35410100e-01 -1.40940130e-01 -1.44426391e-01 -1.45778641e-01 -1.44951642e-01
 -1.41947240e-01 -1.36813849e-01 -1.29643515e-01 -1.20566711e-01 -1.09745257e-01
 -9.73640531e-02 -8.36219639e-02 -6.87227547e-02 -5.28663695e-02 -3.62410769e-02
 -1.90167818e-02 -1.33958797e-03  1.66723263e-02  3.49316150e-02  5.33835478e-02
  7.20067695e-02  9.08129066e-02  1.09844126e-01  1.29166305e-01  1.48305222e-01
  1.67288899e-01  1.86125830e-01  2.04810843e-01  2.23323449e-01  2.41621792e-01
  2.59632289e-01  2.77234465e-01  2.94241548e-01  3.10383707e-01  3.25312257e-01
  2.41370603e-01  2.38736108e-01  2.30513498e-01  2.20136002e-01  2.09629267e-01
  1.98976204e-01  1.88092783e-01  1.76940322e-01  1.65496647e-01  1.53744265e-01
  1.41666949e-01  1.29249454e-01  1.16479345e-01  1.03352107e-01  8.99994150e-02
  7.64011890e-02  6.25579953e-02  4.84897643e-02  3.42362449e-02  1.98578387e-02
  5.43637760e-03 -8.92458856e-03 -2.31001545e-02 -3.69452946e-02 -5.02971150e-02
 -6.29781932e-02 -7.48010576e-02 -8.55737552e-02 -9.51062515e-02 -1.03217505e-01
 -1.09742716e-01 -1.14540398e-01 -1.17498666e-01 -1.18540406e-01 -1.17626749e-01
 -1.14758700e-01 -1.09976619e-01 -1.03357740e-01 -9.50117558e-02 -8.50748941e-02
 -7.37028718e-02 -6.10632673e-02 -4.73276712e-02 -3.26641798e-02 -1.72304697e-02
 -1.16775034e-03  1.54043008e-02  3.23916227e-02  4.97289300e-02  6.73820898e-02
  8.53499174e-02  1.03665672e-01  1.22398555e-01  1.41161665e-01  1.59956753e-01
  1.78799242e-01  1.97709262e-01  2.16707170e-01  2.35809505e-01  2.55022466e-01
  2.74330467e-01  2.93673575e-01  3.12900305e-01  3.31669241e-01  3.49300057e-01
  2.34491557e-01  2.31072679e-01  2.24913910e-01  2.16755763e-01  2.07564563e-01
  1.97826222e-01  1.87715694e-01  1.77291855e-01  1.66573316e-01  1.55563444e-01
  1.44258931e-01  1.32652998e-01  1.20736212e-01  1.08494714e-01  9.60750207e-02
  8.34775418e-02  7.07107037e-02  5.77965155e-02  4.47732024e-02  3.16966139e-02
  1.86409410e-02  5.69883687e-03 -7.01910537e-03 -1.93856321e-02 -3.12589481e-02
 -4.24857214e-02 -5.29049933e-02 -6.23528995e-02 -7.06680641e-02 -7.76974261e-02
 -8.33021775e-02 -8.73634592e-02 -8.97874311e-02 -9.05093476e-02 -8.94962922e-02
 -8.67483616e-02 -8.22981894e-02 -7.62088150e-02 -6.85700178e-02 -5.94934225e-02
 -4.91066426e-02 -3.75468992e-02 -2.49543991e-02 -1.14659024e-02  2.79131881e-03
  1.77049246e-02  3.31822522e-02  4.91543673e-02  6.55795634e-02  8.24464262e-02
  9.97767448e-02  1.17628679e-01  1.35642216e-01  1.53831407e-01  1.72219396e-01
  1.90840736e-01  2.09741995e-01  2.28982404e-01  2.48634934e-01  2.68788040e-01
  2.89548010e-01  3.11044395e-01  3.33444923e-01  3.56998801e-01  3.81811053e-01
  2.36476719e-01  2.34592766e-01  2.24876016e-01  2.15204552e-01  2.06132963e-01
  1.96913093e-01  1.87438965e-01  1.77700654e-01  1.67702839e-01  1.57449350e-01
  1.46941528e-01  1.36179075e-01  1.25161797e-01  1.13892168e-01  1.02380894e-01
  9.07814875e-02  7.90932253e-02  6.73336908e-02  5.55368885e-02  4.37528193e-02
  3.20473872e-02  2.05021128e-02  9.21338703e-03 -1.70884130e-03 -1.21430317e-02
 -2.19587125e-02 -3.10198311e-02 -3.91886942e-02 -4.63304222e-02 -5.23176417e-02
 -5.70352562e-02 -6.03849590e-02 -6.22891933e-02 -6.26942888e-02 -6.15725517e-02
 -5.89231066e-02 -5.47713973e-02 -4.91673984e-02 -4.21826020e-02 -3.39060090e-02
 -2.44393144e-02 -1.38916057e-02 -2.37383670e-03  1.00066606e-02  2.31514424e-02
  3.69758271e-02  5.14133051e-02  6.64195418e-02  8.19760635e-02  9.80938375e-02
  1.14817105e-01  1.31794199e-01  1.49037734e-01  1.66571289e-01  1.84431359e-01
  2.02670082e-01  2.21358597e-01  2.40591541e-01  2.60493428e-01  2.81227976e-01
  3.03011805e-01  3.26135695e-01  3.50991338e-01  3.78027081e-01  4.06717449e-01
  2.29260743e-01  2.26179719e-01  2.20456764e-01  2.12951213e-01  2.04681844e-01
  1.96062014e-01  1.87199160e-01  1.78118825e-01  1.68827638e-01  1.59327418e-01
  1.49618626e-01  1.39701352e-01  1.29575595e-01  1.19240932e-01  1.08694211e-01
  9.81010646e-02  8.74781311e-02  7.68473968e-02  6.62413910e-02  5.57050966e-02
  4.52965237e-02  3.50865014e-02  2.51579471e-02  1.56046217e-02  6.52933912e-03
 -1.95833202e-03 -9.74488724e-03 -1.67161338e-02 -2.27607768e-02 -2.77741663e-02
 -3.16620283e-02 -3.43439765e-02 -3.57565396e-02 -3.58555503e-02 -3.46176587e-02
 -3.20408940e-02 -2.81441864e-02 -2.29658503e-02 -1.65611394e-02 -8.99895653e-03
 -3.57934827e-04  9.27792955e-03  1.98239069e-02  3.11992280e-02  4.33317013e-02
  5.61621189e-02  6.96483403e-02  8.37690383e-02  9.85273272e-02  1.13954693e-01
  1.29697159e-01  1.45758897e-01  1.62154466e-01  1.78910539e-01  1.96068242e-01
  2.13686511e-01  2.31846526e-01  2.50657856e-01  2.70266980e-01  2.90868908e-01
  3.12723190e-01  3.36173326e-01  3.61668229e-01  3.89799237e-01  4.21565413e-01
  2.30056211e-01  2.28341028e-01  2.20272839e-01  2.11515978e-01  2.03336179e-01
  1.95158780e-01  1.86868817e-01  1.78436413e-01  1.69850439e-01  1.61105350e-01
  1.52198315e-01  1.43128768e-01  1.33898422e-01  1.24511980e-01  1.14978977e-01
  1.05319150e-01  9.57062542e-02  8.61487687e-02  7.66713694e-02  6.73119426e-02
  5.81202470e-02  4.91569377e-02  4.04925309e-02  3.22061218e-02  2.43837610e-02
  1.71165001e-02  1.04980413e-02  4.62212926e-03 -4.20303346e-04 -4.54406301e-03
 -7.67257717e-03 -9.74056404e-03 -1.06963161e-02 -1.05034579e-02 -9.14203748e-03
 -6.60885824e-03 -2.91701383e-03  1.90537330e-03  7.81715475e-03  1.47668058e-02
  2.26956010e-02  3.15412022e-02  4.12415378e-02  5.17388731e-02  6.29840121e-02
  7.49405026e-02  8.75887871e-02  1.00928888e-01  1.14983477e-01  1.29390851e-01
  1.44144982e-01  1.59247816e-01  1.74710497e-01  1.90555096e-01  2.06816807e-01
  2.23546878e-01  2.40816578e-01  2.58722544e-01  2.77394354e-01  2.97004908e-01
  3.17786306e-01  3.40054244e-01  3.64257962e-01  3.91193748e-01  4.24527675e-01
  2.23804459e-01  2.21064463e-01  2.15755656e-01  2.08872437e-01  2.01477081e-01
  1.93922177e-01  1.86271191e-01  1.78522468e-01  1.70664757e-01  1.62688985e-01
  1.54589996e-01  1.46366224e-01  1.38019025e-01  1.29551724e-01  1.20968252e-01
  1.12269782e-01  1.03639714e-01  9.51003581e-02  8.66792724e-02  7.84116164e-02
  7.03412890e-02  6.25205636e-02  5.50092533e-02  4.78736982e-02  4.11853977e-02
  3.50194275e-02  2.94525549e-02  2.45611649e-02  2.04190612e-02  1.70952175e-02
  1.46515835e-02  1.31410994e-02  1.26059987e-02  1.30765364e-02  1.45702315e-02
  1.70916952e-02  2.06330735e-02  2.51751170e-02  3.06888036e-02  3.71374376e-02
  4.44791652e-02  5.26698083e-02  6.16660789e-02  7.14290366e-02  8.19281414e-02
  9.31455046e-02  1.05085641e-01  1.17770039e-01  1.30827934e-01  1.44245580e-01
  1.58013433e-01  1.72127336e-01  1.86589673e-01  2.01410756e-01  2.16610253e-01
  2.32218966e-01  2.48280823e-01  2.64855504e-01  2.82021403e-01  2.99879909e-01
  3.18561137e-01  3.38233620e-01  3.59121472e-01  3.81546795e-01  4.04843509e-01
  2.22155198e-01  2.20291123e-01  2.13779271e-01  2.06260562e-01  1.99190900e-01
  1.92243293e-01  1.85291693e-01  1.78283915e-01  1.71194822e-01  1.64012343e-01
  1.56731993e-01  1.49354383e-01  1.41883731e-01  1.34327188e-01  1.26694560e-01
  1.18998863e-01  1.11258790e-01  1.03650607e-01  9.61957201e-02  8.89220014e-02
  8.18675607e-02  7.50774220e-02  6.86021522e-02  6.24970421e-02  5.68211190e-02
  5.16358949e-02  4.70038839e-02  4.29870263e-02  3.96449976e-02  3.70335393e-02
  3.52028348e-02  3.41960527e-02  3.40480991e-02  3.47847193e-02  3.64219584e-02
  3.89660820e-02  4.24140394e-02  4.67543937e-02  5.19687310e-02  5.80332614e-02
  6.49206117e-02  7.26018101e-02  8.10487419e-02  9.02359709e-02  1.00145869e-01
  1.10754512e-01  1.22120164e-01  1.33870736e-01  1.45990476e-01  1.58461496e-01
  1.71266884e-01  1.84392378e-01  1.97827309e-01  2.11565390e-01  2.25605115e-01
  2.39950061e-01  2.54608750e-01  2.69593716e-01  2.84919411e-01  3.00597578e-01
  3.16628546e-01  3.32983285e-01  3.49562973e-01  3.66074502e-01  3.81617010e-01
  2.15114906e-01  2.12549999e-01  2.07806587e-01  2.01989964e-01  1.96007460e-01
  1.89980060e-01  1.83884725e-01  1.77702695e-01  1.71426862e-01  1.65057257e-01
  1.58598259e-01  1.52057230e-01  1.45443887e-01  1.38770074e-01  1.32049769e-01
  1.25299022e-01  1.18535861e-01  1.11778669e-01  1.05205834e-01  9.88240018e-02
  9.26762670e-02  8.68037567e-02  8.12489167e-02  7.60570914e-02  7.12765828e-02
  6.69575110e-02  6.31505176e-02  5.99056296e-02  5.72710037e-02  5.52917644e-02
  5.40088713e-02  5.34580424e-02  5.36688790e-02  5.46641797e-02  5.64595126e-02
  5.90631180e-02  6.24762923e-02  6.66944608e-02  7.17090070e-02  7.75085315e-02
  8.40793625e-02  9.14062709e-02  9.94770899e-02  1.08269721e-01  1.17837489e-01
  1.27846971e-01  1.38319314e-01  1.49202496e-01  1.60457268e-01  1.72050402e-01
  1.83951899e-01  1.96134016e-01  2.08570659e-01  2.21237183e-01  2.34110057e-01
  2.47166008e-01  2.60380715e-01  2.73726225e-01  2.87166506e-01  3.00650120e-01
  3.14098269e-01  3.27385604e-01  3.40311736e-01  3.52567941e-01  3.63731325e-01
  2.07884908e-01  2.04908878e-01  2.01266751e-01  1.97032452e-01  1.92361563e-01
  1.87395766e-01  1.82222456e-01  1.76890627e-01  1.71430036e-01  1.65861771e-01
  1.60203174e-01  1.54470310e-01  1.48679093e-01  1.42846242e-01  1.36989787e-01
  1.31129712e-01  1.25288785e-01  1.19494021e-01  1.13780297e-01  1.08152762e-01
  1.02795564e-01  9.77327749e-02  9.29913819e-02  8.86048302e-02  8.46128911e-02
  8.10565129e-02  7.79765025e-02  7.54128993e-02  7.34044239e-02  7.19877407e-02
  7.11967275e-02  7.10617751e-02  7.16091692e-02  7.28605390e-02  7.48323575e-02
  7.75353834e-02  8.09741765e-02  8.51479992e-02  9.00580809e-02  9.57084000e-02
  1.02102190e-01  1.09227762e-01  1.17141500e-01  1.25530794e-01  1.34421855e-01
  1.43772259e-01  1.53549418e-01  1.63715869e-01  1.74233139e-01  1.85062617e-01
  1.96165308e-01  2.07501590e-01  2.19030946e-01  2.30711579e-01  2.42500156e-01
  2.54351079e-01  2.66215354e-01  2.78038651e-01  2.89757997e-01  3.01297188e-01
  3.12560350e-01  3.23424608e-01  3.33733767e-01  3.43297750e-01  3.51904303e-01
  2.02812687e-01  1.99762911e-01  1.96599796e-01  1.93080351e-01  1.89183280e-01
  1.85002610e-01  1.80601627e-01  1.76027298e-01  1.71315134e-01  1.66493043e-01
  1.61584318e-01  1.56609684e-01  1.51588827e-01  1.46541283e-01  1.41487151e-01
  1.36447579e-01  1.31444931e-01  1.26502663e-01  1.21644229e-01  1.16889007e-01
  1.12253919e-01  1.07932165e-01  1.03921697e-01  1.00243405e-01  9.69455466e-02
  9.40631256e-02  9.16276276e-02  8.96698385e-02  8.82202312e-02  8.73085782e-02
  8.69634449e-02  8.72117579e-02  8.80785510e-02  8.95868093e-02  9.17571709e-02
  9.46063921e-02  9.81418863e-02  1.02344260e-01  1.07225910e-01  1.12823546e-01
  1.19212329e-01  1.26097038e-01  1.33511662e-01  1.41422421e-01  1.49803981e-01
  1.58625379e-01  1.67852938e-01  1.77449569e-01  1.87375039e-01  1.97585866e-01
  2.08035186e-01  2.18672529e-01  2.29443803e-01  2.40291208e-01  2.51153558e-01
  2.61966616e-01  2.72663146e-01  2.83173025e-01  2.93422550e-01  3.03333163e-01
  3.12819839e-01  3.21789533e-01  3.30141008e-01  3.37767273e-01  3.44562203e-01
  1.99188992e-01  1.96278274e-01  1.93225771e-01  1.90000415e-01  1.86572671e-01
  1.82948962e-01  1.79153442e-01  1.75213486e-01  1.71154931e-01  1.67001382e-01
  1.62774533e-01  1.58494875e-01  1.54182449e-01  1.49857327e-01  1.45540118e-01
  1.41252309e-01  1.37016535e-01  1.32856801e-01  1.28798783e-01  1.24870703e-01
  1.21106125e-01  1.17550060e-01  1.14220724e-01  1.11111216e-01  1.08421870e-01
  1.06145635e-01  1.04293622e-01  1.02885164e-01  1.01943217e-01  1.01492099e-01
  1.01556458e-01  1.02160893e-01  1.03330322e-01  1.05091363e-01  1.07475661e-01
  1.10527396e-01  1.14320435e-01  1.18612476e-01  1.23458795e-01  1.28885105e-01
  1.34891972e-01  1.41435593e-01  1.48490354e-01  1.56029895e-01  1.64027259e-01
  1.72452882e-01  1.81273893e-01  1.90453142e-01  1.99948609e-01  2.09712550e-01
  2.19690904e-01  2.29822755e-01  2.40040094e-01  2.50268161e-01  2.60426641e-01
  2.70431399e-01  2.80196935e-01  2.89639324e-01  2.98678547e-01  3.07240397e-01
  3.15257400e-01  3.22669059e-01  3.29421580e-01  3.35468262e-01  3.40770215e-01
  1.95828751e-01  1.92889899e-01  1.90206319e-01  1.87358126e-01  1.84320286e-01
  1.81143507e-01  1.77847102e-01  1.74447015e-01  1.70959190e-01  1.67400137e-01
  1.63786858e-01  1.60136938e-01  1.56468645e-01  1.52800947e-01  1.49153754e-01
  1.45548001e-01  1.42005756e-01  1.38550535e-01  1.35207415e-01  1.32003441e-01
  1.28967986e-01  1.26132488e-01  1.23527907e-01  1.21188946e-01  1.19167522e-01
  1.17496587e-01  1.16202541e-01  1.15309507e-01  1.14840798e-01  1.14819214e-01
  1.15267053e-01  1.16205990e-01  1.17657036e-01  1.19640291e-01  1.22174270e-01
  1.25273630e-01  1.28942028e-01  1.33151770e-01  1.37896910e-01  1.43174887e-01
  1.48978412e-01  1.55292392e-01  1.62099540e-01  1.69380456e-01  1.77113235e-01
  1.85272798e-01  1.93829805e-01  2.02749625e-01  2.11990923e-01  2.21504167e-01
  2.31230006e-01  2.41097793e-01  2.51024395e-01  2.60914236e-01  2.70660907e-01
  2.80151069e-01  2.89270669e-01  2.97912598e-01  3.05983990e-01  3.13412189e-01
  3.20147604e-01  3.26164007e-01  3.31455767e-01  3.36033374e-01  3.39917719e-01
  1.93122119e-01  1.90365627e-01  1.87657997e-01  1.84964225e-01  1.82234362e-01
  1.79445460e-01  1.76591605e-01  1.73674330e-01  1.70699641e-01  1.67677045e-01
  1.64618686e-01  1.61538929e-01  1.58453792e-01  1.55380666e-01  1.52338222e-01
  1.49346292e-01  1.46425784e-01  1.43598825e-01  1.40888795e-01  1.38320327e-01
  1.35919437e-01  1.33713350e-01  1.31730303e-01  1.29999965e-01  1.28553465e-01
  1.27419278e-01  1.26623213e-01  1.26189128e-01  1.26139462e-01  1.26495466e-01
  1.27277330e-01  1.28504112e-01  1.30193517e-01  1.32361487e-01  1.35021448e-01
  1.38183206e-01  1.41851306e-01  1.46024495e-01  1.50701150e-01  1.55879065e-01
  1.61554083e-01  1.67719409e-01  1.74365908e-01  1.81482166e-01  1.89054042e-01
  1.97064131e-01  2.05490589e-01  2.14305818e-01  2.23474428e-01  2.32950777e-01
  2.42675737e-01  2.52573043e-01  2.62545288e-01  2.72470653e-01  2.82202721e-01
  2.91575700e-01  3.00417781e-01  3.08570445e-01  3.15907419e-01  3.22347462e-01
  3.27859730e-01  3.32463175e-01  3.36219370e-01  3.39218438e-01  3.41560155e-01
  1.90019727e-01  1.87233865e-01  1.84820652e-01  1.82473183e-01  1.80100933e-01
  1.77712157e-01  1.75293982e-01  1.72838211e-01  1.70344010e-01  1.67816639e-01
  1.65265694e-01  1.62703872e-01  1.60145968e-01  1.57608449e-01  1.55108958e-01
  1.52666241e-01  1.50299951e-01  1.48030609e-01  1.45879611e-01  1.43869147e-01
  1.42022237e-01  1.40362546e-01  1.38914302e-01  1.37702093e-01  1.36750519e-01
  1.36083379e-01  1.35723382e-01  1.35692075e-01  1.36009842e-01  1.36696056e-01
  1.37768939e-01  1.39245600e-01  1.41141802e-01  1.43471777e-01  1.46247849e-01
  1.49480104e-01  1.53176174e-01  1.57341346e-01  1.61979452e-01  1.67093173e-01
  1.72683954e-01  1.78752020e-01  1.85296297e-01  1.92314312e-01  1.99801967e-01
  2.07752943e-01  2.16157734e-01  2.25002259e-01  2.34265596e-01  2.43916765e-01
  2.53910005e-01  2.64177918e-01  2.74621814e-01  2.85098553e-01  2.95405895e-01
  3.05276155e-01  3.14400315e-01  3.22492898e-01  3.29351455e-01  3.34871262e-01
  3.39044988e-01  3.41961175e-01  3.43801558e-01  3.44815701e-01  3.45252186e-01
  1.86838672e-01  1.84123039e-01  1.81786060e-01  1.79726377e-01  1.77785128e-01
  1.75861463e-01  1.73910648e-01  1.71918616e-01  1.69886053e-01  1.67820930e-01
  1.65735051e-01  1.63642585e-01  1.61559075e-01  1.59501165e-01  1.57486200e-01
  1.55532166e-01  1.53657600e-01  1.51881501e-01  1.50223359e-01  1.48703068e-01
  1.47340953e-01  1.46157607e-01  1.45173803e-01  1.44410387e-01  1.43888041e-01
  1.43627018e-01  1.43646970e-01  1.43966839e-01  1.44604757e-01  1.45578116e-01
  1.46903381e-01  1.48596182e-01  1.50671110e-01  1.53141722e-01  1.56020358e-01
  1.59318164e-01  1.63045064e-01  1.67209908e-01  1.71820790e-01  1.76885292e-01
  1.82410717e-01  1.88404188e-01  1.94872960e-01  2.01824427e-01  2.09266260e-01
  2.17206284e-01  2.25652099e-01  2.34610289e-01  2.44085029e-01  2.54075557e-01
  2.64571905e-01  2.75547922e-01  2.86949068e-01  2.98670262e-01  3.10508192e-01
  3.22049022e-01  3.32532823e-01  3.41217548e-01  3.47917348e-01  3.52479011e-01
  3.54945242e-01  3.55474174e-01  3.54345977e-01  3.52377325e-01  3.50223213e-01
  1.82237640e-01  1.79223344e-01  1.77582040e-01  1.76483452e-01  1.75294310e-01
  1.73957124e-01  1.72504544e-01  1.70965731e-01  1.69363886e-01  1.67719215e-01
  1.66050479e-01  1.64375782e-01  1.62712902e-01  1.61079392e-01  1.59492731e-01
  1.57970384e-01  1.56529844e-01  1.55188695e-01  1.53964579e-01  1.52875245e-01
  1.51938543e-01  1.51172310e-01  1.50594443e-01  1.50222704e-01  1.50074661e-01
  1.50167614e-01  1.50518492e-01  1.51143730e-01  1.52059332e-01  1.53280720e-01
  1.54822782e-01  1.56699836e-01  1.58925578e-01  1.61513150e-01  1.64475083e-01
  1.67823419e-01  1.71569750e-01  1.75725460e-01  1.80301964e-01  1.85310990e-01
  1.90764934e-01  1.96677297e-01  2.03063041e-01  2.09939241e-01  2.17325628e-01
  2.25245208e-01  2.33725101e-01  2.42797151e-01  2.52498567e-01  2.62872189e-01
  2.73966074e-01  2.85832018e-01  2.98522979e-01  3.12091351e-01  3.26609552e-01
  3.42415243e-01  3.60172331e-01  3.66114676e-01  3.74944866e-01  3.77449155e-01
  3.76975864e-01  3.77072215e-01  3.66893381e-01  3.59936833e-01  3.54643941e-01
  1.78267553e-01  1.74843028e-01  1.74093872e-01  1.73859879e-01  1.73208162e-01
  1.72310010e-01  1.71253234e-01  1.70086756e-01  1.68845117e-01  1.67555913e-01
  1.66242808e-01  1.64926842e-01  1.63627371e-01  1.62362486e-01  1.61149502e-01
  1.60005108e-01  1.58945605e-01  1.57986969e-01  1.57144979e-01  1.56435221e-01
  1.55873165e-01  1.55474097e-01  1.55253187e-01  1.55225426e-01  1.55405611e-01
  1.55808374e-01  1.56448051e-01  1.57338753e-01  1.58494338e-01  1.59928381e-01
  1.61654159e-01  1.63684711e-01  1.66032836e-01  1.68711156e-01  1.71732172e-01
  1.75108343e-01  1.78852320e-01  1.82977110e-01  1.87496394e-01  1.92424864e-01
  1.97778702e-01  2.03576133e-01  2.09838122e-01  2.16589347e-01  2.23859280e-01
  2.31683746e-01  2.40106866e-01  2.49183580e-01  2.58982927e-01  2.69592375e-01
  2.81122833e-01  2.93714583e-01  3.07542682e-01  3.22824746e-01  3.39871258e-01
  3.58850777e-01  3.72166306e-01  3.81565601e-01  3.88838917e-01  3.88975143e-01
  3.89078826e-01  3.80869567e-01  3.70897353e-01  3.62446845e-01  3.55635196e-01
  1.77654609e-01  1.74625725e-01  1.73108265e-01  1.72399223e-01  1.71793506e-01
  1.71088517e-01  1.70267344e-01  1.69353157e-01  1.68374702e-01  1.67358890e-01
  1.66329592e-01  1.65307924e-01  1.64312795e-01  1.63361505e-01  1.62470192e-01
  1.61654085e-01  1.60927787e-01  1.60305426e-01  1.59800664e-01  1.59426808e-01
  1.59196854e-01  1.59123495e-01  1.59219205e-01  1.59496248e-01  1.59966692e-01
  1.60642505e-01  1.61535546e-01  1.62657574e-01  1.64020285e-01  1.65635347e-01
  1.67514399e-01  1.69669107e-01  1.72111169e-01  1.74852401e-01  1.77904874e-01
  1.81280956e-01  1.84993565e-01  1.89056367e-01  1.93484053e-01  1.98292747e-01
  2.03500524e-01  2.09127977e-01  2.15199068e-01  2.21742228e-01  2.28791758e-01
  2.36389846e-01  2.44589165e-01  2.53456771e-01  2.63079375e-01  2.73571163e-01
  2.85085052e-01  2.97829300e-01  3.12091321e-01  3.28265399e-01  3.46629888e-01
  3.63697380e-01  3.75164866e-01  3.84777248e-01  3.88531625e-01  3.89348954e-01
  3.85443211e-01  3.76085401e-01  3.66694063e-01  3.58720958e-01  3.52048248e-01
  1.74794301e-01  1.71073526e-01  1.70982227e-01  1.71182245e-01  1.70815781e-01
  1.70231447e-01  1.69528663e-01  1.68754369e-01  1.67941153e-01  1.67115077e-01
  1.66297778e-01  1.65507749e-01  1.64761215e-01  1.64072871e-01  1.63456425e-01
  1.62924811e-01  1.62490457e-01  1.62165180e-01  1.61960348e-01  1.61886781e-01
  1.61954805e-01  1.62174344e-01  1.62555009e-01  1.63106099e-01  1.63836867e-01
  1.64756477e-01  1.65874168e-01  1.67199284e-01  1.68741301e-01  1.70509875e-01
  1.72514901e-01  1.74766466e-01  1.77274957e-01  1.80051088e-01  1.83106035e-01
  1.86451495e-01  1.90099850e-01  1.94064438e-01  1.98359683e-01  2.03001559e-01
  2.08007917e-01  2.13399008e-01  2.19198287e-01  2.25433201e-01  2.32136518e-01
  2.39347979e-01  2.47116655e-01  2.55504251e-01  2.64589965e-01  2.74478108e-01
  2.85309792e-01  2.97282875e-01  3.10683608e-01  3.25893223e-01  3.42692673e-01
  3.57033193e-01  3.66933733e-01  3.74782383e-01  3.77371639e-01  3.77350599e-01
  3.72250319e-01  3.64002645e-01  3.56573641e-01  3.50132644e-01  3.44530582e-01
  1.76672325e-01  1.73587143e-01  1.71900377e-01  1.71042353e-01  1.70376167e-01
  1.69687435e-01  1.68957591e-01  1.68210730e-01  1.67472497e-01  1.66762859e-01
  1.66096896e-01  1.65486723e-01  1.64943039e-01  1.64476097e-01  1.64096072e-01
  1.63813114e-01  1.63637206e-01  1.63577914e-01  1.63644165e-01  1.63844153e-01
  1.64185315e-01  1.64674401e-01  1.65317699e-01  1.66121215e-01  1.67090937e-01
  1.68232962e-01  1.69553712e-01  1.71059951e-01  1.72758818e-01  1.74657941e-01
  1.76765293e-01  1.79089308e-01  1.81638822e-01  1.84423193e-01  1.87452272e-01
  1.90736547e-01  1.94287241e-01  1.98116481e-01  2.02237412e-01  2.06664398e-01
  2.11413369e-01  2.16501966e-01  2.21950054e-01  2.27780148e-01  2.34017968e-01
  2.40693271e-01  2.47840762e-01  2.55501240e-01  2.63723105e-01  2.72563875e-01
  2.82092124e-01  2.92389274e-01  3.03551733e-01  3.15686613e-01  3.28405291e-01
  3.39178681e-01  3.47418576e-01  3.53052139e-01  3.55860651e-01  3.55631202e-01
  3.52194726e-01  3.47394943e-01  3.42757195e-01  3.38382572e-01  3.34313303e-01
  1.74421147e-01  1.70434803e-01  1.70848534e-01  1.70856774e-01  1.70126453e-01
  1.69245020e-01  1.68369398e-01  1.67557597e-01  1.66829944e-01  1.66191339e-01
  1.65641755e-01  1.65181145e-01  1.64811477e-01  1.64537326e-01  1.64365396e-01
  1.64303765e-01  1.64360911e-01  1.64544851e-01  1.64862514e-01  1.65319428e-01
  1.65919647e-01  1.66666046e-01  1.67560741e-01  1.68605551e-01  1.69802547e-01
  1.71154261e-01  1.72664046e-01  1.74335971e-01  1.76174894e-01  1.78186387e-01
  1.80376589e-01  1.82752207e-01  1.85320437e-01  1.88089013e-01  1.91066220e-01
  1.94260985e-01  1.97682887e-01  2.01342285e-01  2.05250368e-01  2.09419176e-01
  2.13861644e-01  2.18591616e-01  2.23623812e-01  2.28973791e-01  2.34657779e-01
  2.40692377e-01  2.47094050e-01  2.53877968e-01  2.61055946e-01  2.68632531e-01
  2.76597500e-01  2.84910619e-01  2.93471694e-01  3.02063793e-01  3.10291797e-01
  3.17640632e-01  3.23673427e-01  3.28120917e-01  3.30856413e-01  3.31895798e-01
  3.31449807e-01  3.29932839e-01  3.27792913e-01  3.25349212e-01  3.22792798e-01
  1.79486141e-01  1.76250890e-01  1.73744738e-01  1.71749890e-01  1.70039222e-01
  1.68593869e-01  1.67430997e-01  1.66518092e-01  1.65805981e-01  1.65253624e-01
  1.64831728e-01  1.64522424e-01  1.64318264e-01  1.64220244e-01  1.64235085e-01
  1.64372489e-01  1.64642632e-01  1.65054217e-01  1.65613264e-01  1.66322500e-01
  1.67181551e-01  1.68187618e-01  1.69336691e-01  1.70624703e-01  1.72048554e-01
  1.73606694e-01  1.75299212e-01  1.77127764e-01  1.79095283e-01  1.81205630e-01
  1.83463395e-01  1.85873672e-01  1.88442007e-01  1.91174403e-01  1.94077358e-01
  1.97157964e-01  2.00423986e-01  2.03883797e-01  2.07546517e-01  2.11421728e-01
  2.15519428e-01  2.19849706e-01  2.24422365e-01  2.29246452e-01  2.34329551e-01
  2.39676878e-01  2.45289892e-01  2.51164317e-01  2.57287115e-01  2.63632089e-01
  2.70153195e-01  2.76775360e-01  2.83383727e-01  2.89815217e-01  2.95862556e-01
  3.01299661e-01  3.05921614e-01  3.09579551e-01  3.12200159e-01  3.13794404e-01
  3.14455986e-01  3.14342648e-01  3.13638806e-01  3.12518030e-01  3.11122179e-01
  1.81809619e-01  1.78402290e-01  1.75081179e-01  1.71841651e-01  1.68818772e-01
  1.66705191e-01  1.65511519e-01  1.64712593e-01  1.64177790e-01  1.63828656e-01
  1.63607001e-01  1.63481712e-01  1.63444430e-01  1.63503438e-01  1.63676456e-01
  1.63983956e-01  1.64444596e-01  1.65071994e-01  1.65873006e-01  1.66846812e-01
  1.67985469e-01  1.69275835e-01  1.70702964e-01  1.72253281e-01  1.73916727e-01
  1.75687328e-01  1.77562818e-01  1.79543644e-01  1.81632087e-01  1.83831349e-01
  1.86145052e-01  1.88576981e-01  1.91130996e-01  1.93811148e-01  1.96621835e-01
  1.99568123e-01  2.02655748e-01  2.05891356e-01  2.09282279e-01  2.12836325e-01
  2.16561496e-01  2.20465362e-01  2.24554494e-01  2.28833690e-01  2.33304933e-01
  2.37966418e-01  2.42811054e-01  2.47824743e-01  2.52984256e-01  2.58254409e-01
  2.63585180e-01  2.68908530e-01  2.74136931e-01  2.79164225e-01  2.83871770e-01
  2.88139611e-01  2.91860729e-01  2.94954985e-01  2.97379166e-01  2.99131274e-01
  3.00248832e-01  3.00800592e-01  3.00873816e-01  3.00561041e-01  2.99949497e-01
  1.83476225e-01  1.79793313e-01  1.75844908e-01  1.71476528e-01  1.66622922e-01
  1.63606465e-01  1.62335217e-01  1.61892921e-01  1.61899313e-01  1.61967501e-01
  1.62058532e-01  1.62145302e-01  1.62241697e-01  1.62394032e-01  1.62655875e-01
  1.63074329e-01  1.63686380e-01  1.64516345e-01  1.65574253e-01  1.66854620e-01
  1.68333903e-01  1.69974580e-01  1.71737388e-01  1.73591971e-01  1.75520271e-01
  1.77514642e-01  1.79574445e-01  1.81702837e-01  1.83904499e-01  1.86183929e-01
  1.88544720e-01  1.90989405e-01  1.93519741e-01  1.96137041e-01  1.98842794e-01
  2.01639295e-01  2.04530209e-01  2.07520679e-01  2.10617155e-01  2.13826984e-01
  2.17157930e-01  2.20617369e-01  2.24211305e-01  2.27943376e-01  2.31813803e-01
  2.35818267e-01  2.39946902e-01  2.44183198e-01  2.48502851e-01  2.52872676e-01
  2.57249832e-01  2.61581272e-01  2.65804708e-01  2.69850552e-01  2.73645967e-01
  2.77120352e-01  2.80211776e-01  2.82873064e-01  2.85076112e-01  2.86814183e-01
  2.88101256e-01  2.88968682e-01  2.89460182e-01  2.89626300e-01  2.89518952e-01
  1.85310006e-01  1.81631416e-01  1.77554354e-01  1.72871560e-01  1.67256355e-01
  1.63145199e-01  1.60158217e-01  1.59339592e-01  1.59302667e-01  1.60045788e-01
  1.60615459e-01  1.60824880e-01  1.60851210e-01  1.60897374e-01  1.61092296e-01
  1.61498591e-01  1.62189454e-01  1.63203329e-01  1.64544806e-01  1.66233301e-01
  1.68219194e-01  1.70372710e-01  1.72585890e-01  1.74807459e-01  1.77024335e-01
  1.79242119e-01  1.81473643e-01  1.83733150e-01  1.86033204e-01  1.88382596e-01
  1.90784588e-01  1.93238869e-01  1.95744395e-01  1.98296934e-01  2.00893179e-01
  2.03529581e-01  2.06207901e-01  2.08933070e-01  2.11711615e-01  2.14552268e-01
  2.17465460e-01  2.20461830e-01  2.23550543e-01  2.26737753e-01  2.30025336e-01
  2.33410001e-01  2.36882716e-01  2.40428284e-01  2.44025126e-01  2.47645184e-01
  2.51254171e-01  2.54812062e-01  2.58274287e-01  2.61593431e-01  2.64721721e-01
  2.67614037e-01  2.70230979e-01  2.72541821e-01  2.74526626e-01  2.76177406e-01
  2.77497768e-01  2.78501838e-01  2.79211938e-01  2.79655993e-01  2.79864877e-01
  1.87643811e-01  1.84383228e-01  1.80794626e-01  1.76797017e-01  1.72426894e-01
  1.67889357e-01  1.62592798e-01  1.60702839e-01  1.59003720e-01  1.60079986e-01
  1.60583004e-01  1.60214260e-01  1.59236819e-01  1.58731461e-01  1.58921525e-01
  1.58861548e-01  1.59518883e-01  1.60950184e-01  1.62239283e-01  1.64530218e-01
  1.67745158e-01  1.70798659e-01  1.73600882e-01  1.76205426e-01  1.78674176e-01
  1.81060746e-01  1.83408782e-01  1.85752541e-01  1.88117743e-01  1.90522358e-01
  1.92971319e-01  1.95433393e-01  1.97939783e-01  2.00433463e-01  2.02943861e-01
  2.05410808e-01  2.07863927e-01  2.10302219e-01  2.12731346e-01  2.15165123e-01
  2.17622414e-01  2.20123425e-01  2.22686142e-01  2.25323468e-01  2.28041828e-01
  2.30840683e-01  2.33712822e-01  2.36644968e-01  2.39618316e-01  2.42609292e-01
  2.45590165e-01  2.48529941e-01  2.51395404e-01  2.54152387e-01  2.56767333e-01
  2.59208947e-01  2.61449873e-01  2.63468266e-01  2.65248746e-01  2.66783148e-01
  2.68070370e-01  2.69115925e-01  2.69930959e-01  2.70530760e-01  2.70933539e-01
  1.90413311e-01  1.87955320e-01  1.85182497e-01  1.82025254e-01  1.78513199e-01
  1.74758583e-01  1.70973986e-01  1.67293623e-01  1.62645772e-01  1.64062962e-01
  1.63545698e-01  1.62059560e-01  1.59257680e-01  1.57921597e-01  1.58832505e-01
  1.57623306e-01  1.58172876e-01  1.60590500e-01  1.60836101e-01  1.63708776e-01
  1.68615922e-01  1.72368914e-01  1.75487861e-01  1.78232446e-01  1.80753753e-01
  1.83150053e-01  1.85490757e-01  1.87826857e-01  1.90195188e-01  1.92619681e-01
  1.95101887e-01  1.97614491e-01  2.00156450e-01  2.02666685e-01  2.05128089e-01
  2.07477450e-01  2.09715128e-01  2.11840391e-01  2.13865012e-01  2.15818703e-01
  2.17743188e-01  2.19682440e-01  2.21673220e-01  2.23739877e-01  2.25893721e-01
  2.28135139e-01  2.30456263e-01  2.32843101e-01  2.35277250e-01  2.37737030e-01
  2.40198329e-01  2.42635444e-01  2.45021865e-01  2.47331202e-01  2.49537989e-01
  2.51618773e-01  2.53552943e-01  2.55323619e-01  2.56918192e-01  2.58328587e-01
  2.59551466e-01  2.60587782e-01  2.61442482e-01  2.62123585e-01  2.62641609e-01
  6.23252511e-01  6.34590089e-01  6.42223716e-01  6.51600301e-01  6.61344349e-01
  6.71737790e-01  6.82587326e-01  6.93803430e-01  7.05473959e-01  7.17695773e-01
  7.29959011e-01  7.43131936e-01  7.56464958e-01  7.70559490e-01  7.85342872e-01
  8.00490201e-01  8.16319287e-01  8.32800388e-01  8.49910140e-01  8.67752075e-01
  8.86368215e-01  9.05697465e-01  9.25847054e-01  9.46862638e-01  9.68777835e-01
  9.91640270e-01  1.01552594e+00  1.04047620e+00  1.06651723e+00  1.09378195e+00
  1.12231195e+00  1.15216613e+00  1.18350434e+00  1.21625471e+00  1.25069237e+00
  1.28694797e+00  1.32488775e+00  1.36490273e+00  1.40695822e+00  1.45145130e+00
  1.49838173e+00  1.54783297e+00  1.60009062e+00  1.65572512e+00  1.71473646e+00
  1.77718341e+00  1.84348583e+00  1.91470230e+00  1.99094307e+00  2.07166290e+00
  2.15892673e+00  2.25331593e+00  2.35479903e+00  2.46446466e+00  2.58515573e+00
  2.71608567e+00  2.86177468e+00  3.02342486e+00  3.20725799e+00  3.41663218e+00
  3.66552639e+00  3.96731281e+00  4.36319733e+00  4.99162197e+00  8.82020664e+00
   84   89
  1.14242375e+00 -1.00000001e-01  1.13980961e+00  0.00000000e+00  1.14254582e+00
  1.00000001e-01  1.15090382e+00  2.00000003e-01  1.15875006e+00  2.58793503e-01
  1.17521679e+00  3.49999994e-01  1.18703103e+00  4.00000006e-01  1.21187496e+00
  4.85428333e-01  1.23575759e+00  5.50000012e-01  1.25851870e+00  6.00000024e-01
  1.28618205e+00  6.49999976e-01  1.31812501e+00  6.96309328e-01  1.34468746e+00
  7.28585660e-01  1.37125003e+00  7.55046606e-01  1.42437506e+00  7.94789135e-01
  1.45093751e+00  8.10102344e-01  1.50406253e+00  8.30842137e-01  1.55718756e+00
  8.41298878e-01  1.61031246e+00  8.43727708e-01  1.66343749e+00  8.39111507e-01
  1.71656251e+00  8.27686012e-01  1.76968753e+00  8.08883607e-01  1.79624999e+00
  7.96374679e-01  1.84937501e+00  7.68239141e-01  1.87728393e+00  7.50000000e-01
  1.92906249e+00  7.11617649e-01  1.95562506e+00  6.88694477e-01  1.99572909e+00
  6.49999976e-01  2.03531241e+00  6.06999815e-01  2.06187510e+00  5.73662937e-01
  2.08843756e+00  5.36275744e-01  2.11500001e+00  4.94421273e-01  2.14156246e+00
  4.47455049e-01  2.16812491e+00  3.94449204e-01  2.19468760e+00  3.33952993e-01
  2.22125006e+00  2.63155758e-01  2.24039841e+00  2.00000003e-01  2.25237370e+00
  1.50000006e-01  2.26496482e+00  5.00000007e-02  2.26201510e+00 -5.00000007e-02
  2.24781251e+00 -1.30989626e-01  2.22984266e+00 -2.00000003e-01  2.21315265e+00
 -2.50000000e-01  2.19433045e+00 -3.00000012e-01  2.16812491e+00 -3.62914473e-01
  2.14156246e+00 -4.19107795e-01  2.11500001e+00 -4.69584227e-01  2.08843756e+00
 -5.15206039e-01  2.06187510e+00 -5.56581974e-01  2.03078032e+00 -6.00000024e-01
  1.99222791e+00 -6.49999976e-01  1.95562506e+00 -6.93639994e-01  1.92906249e+00
 -7.23980427e-01  1.90250003e+00 -7.52478480e-01  1.85563242e+00 -8.00000012e-01
  1.82281256e+00 -8.32749009e-01  1.79624999e+00 -8.57987583e-01  1.74979138e+00
 -8.99999976e-01  1.71656251e+00 -9.30642724e-01  1.69000006e+00 -9.53448296e-01
  1.63687503e+00 -9.97184992e-01  1.61031246e+00 -1.02051318e+00  1.57122767e+00
 -1.04999995e+00  1.53062499e+00 -1.08429527e+00  1.50406253e+00 -1.10458195e+00
  1.45093751e+00 -1.14088762e+00  1.41730404e+00 -1.16341305e+00  1.40462196e+00
 -1.17682612e+00  1.38379216e+00 -1.10000002e+00  1.36493707e+00 -1.04999995e+00
  1.34468746e+00 -9.90084469e-01  1.31812501e+00 -9.08854902e-01  1.30064893e+00
 -8.50000024e-01  1.28507257e+00 -8.00000012e-01  1.26499999e+00 -7.34160006e-01
  1.24101782e+00 -6.49999976e-01  1.22709203e+00 -6.00000024e-01  1.21187496e+00
 -5.41820109e-01  1.19031060e+00 -4.49999988e-01  1.17985153e+00 -4.00000006e-01
  1.16271985e+00 -3.00000012e-01  1.15573978e+00 -2.50000000e-01  1.14563024e+00
 -1.50000006e-01  1.14242375e+00 -1.00000001e-01
  1.01600003e+00  0.00000000e+00  1.01600003e+00  9.63999987e-01  1.01800001e+00
  9.67999995e-01  1.01800001e+00  1.00100005e+00  1.01800001e+00  1.01900005e+00
  1.01800001e+00  1.07700002e+00  1.01800001e+00  1.07000005e+00  1.01800001e+00
  1.09599996e+00  1.01800001e+00  1.11300004e+00  1.01800001e+00  1.13800001e+00
  1.01300001e+00  1.14699996e+00  1.01199996e+00  1.16499996e+00  1.00100005e+00
  1.21700001e+00  1.02900004e+00  1.21700001e+00  1.04200006e+00  1.16240001e+00
  1.04600000e+00  1.16237998e+00  1.05599999e+00  1.16390002e+00  1.09700000e+00
  1.16594005e+00  1.10800004e+00  1.16594005e+00  1.11600006e+00  1.16591001e+00
  1.13399994e+00  1.16895998e+00  1.14800000e+00  1.17174995e+00  1.16199994e+00
  1.17556000e+00  1.17999995e+00  1.18400002e+00  1.18400002e+00  1.18368995e+00
  1.18499994e+00  1.18499994e+00  1.19000006e+00  1.18900001e+00  1.19500005e+00
  1.19099998e+00  1.20099998e+00  1.19599998e+00  1.20899999e+00  1.20200002e+00
  1.21500003e+00  1.20799994e+00  1.22200000e+00  1.21399999e+00  1.22800004e+00
  1.22099996e+00  1.23399997e+00  1.23099995e+00  1.23500001e+00  1.23099995e+00
  1.23899996e+00  1.24399996e+00  1.24800003e+00  1.25399995e+00  1.25699997e+00
  1.27800000e+00  1.26199996e+00  1.28999996e+00  1.27999997e+00  1.33099997e+00
  1.27999997e+00  1.34700000e+00  1.27999997e+00  1.34800005e+00  1.30999994e+00
  1.34800005e+00  1.32799995e+00  1.34800005e+00  1.36099994e+00  1.34800005e+00
  1.38000000e+00  1.34800005e+00  1.41900003e+00  1.34800005e+00  1.41900003e+00
  1.30999994e+00  1.37199998e+00  1.30999994e+00  1.37199998e+00  1.29200006e+00
  1.60800004e+00  1.09500003e+00  1.64699996e+00  1.07700002e+00  1.78499997e+00
  1.07700002e+00  2.06999993e+00  1.03999996e+00  2.12800002e+00  9.92999971e-01
  2.24499989e+00  7.08999991e-01  2.32299995e+00  5.18999994e-01  2.37700009e+00
  3.88999999e-01  2.35200000e+00  4.00000006e-01  2.35100007e+00  3.37000012e-01
  2.35100007e+00  2.04999998e-01  2.35400009e+00  6.80000037e-02  2.35400009e+00
  0.00000000e+00  2.35400009e+00 -6.80000037e-02  2.35299993e+00 -2.04999998e-01
  2.35100007e+00 -3.37000012e-01  2.35299993e+00 -3.99899989e-01  2.37700009e+00
 -3.88999999e-01  2.13400006e+00 -9.72999990e-01  1.78600001e+00 -1.17400002e+00
  1.76800001e+00 -1.21099997e+00  1.76800001e+00 -1.25399995e+00  1.68200004e+00
 -1.25399995e+00  1.67400002e+00 -1.26199996e+00  1.67400002e+00 -1.32900000e+00
  1.68099999e+00 -1.33899999e+00  1.75399995e+00 -1.33899999e+00  1.75399995e+00
 -1.36800003e+00  1.68900001e+00 -1.36800003e+00  1.68900001e+00 -1.36600006e+00
  1.55499995e+00 -1.36600006e+00  1.41199994e+00 -1.36600006e+00  1.27300000e+00
 -1.36600006e+00  1.15300000e+00 -1.36600006e+00  1.01600003e+00 -1.22899997e+00
  1.01600003e+00 -8.00000012e-01  1.01600003e+00 -4.14999992e-01  1.01600003e+00
 -4.00000006e-01  1.01600003e+00  0.00000000e+00
    0 0.000000000e+00    0
  0.00000000e+00  7.78656602e-02  1.10865265e-01  1.36397392e-01  1.58232287e-01
  1.77665278e-01  1.95438638e-01  2.12010339e-01  2.27627397e-01  2.41192967e-01
  2.55568653e-01  2.69378304e-01  2.82741308e-01  2.95762032e-01  3.08437228e-01
  3.20869356e-01  3.33062351e-01  3.45029950e-01  3.56843859e-01  3.68524015e-01
  3.80074590e-01  3.91518176e-01  4.02873218e-01  4.14173633e-01  4.25417334e-01
  4.36618716e-01  4.47805554e-01  4.58977461e-01  4.70149279e-01  4.81337696e-01
  4.92543489e-01  5.03785610e-01  5.15094936e-01  5.26422143e-01  5.37842810e-01
  5.49357057e-01  5.60914874e-01  5.72609067e-01  5.84400415e-01  5.96318483e-01
  6.08388662e-01  6.20579541e-01  6.32917464e-01  6.45475388e-01  6.58211470e-01
  6.71125710e-01  6.84236944e-01  6.97638333e-01  7.11324573e-01  7.25164652e-01
  7.39391267e-01  7.53947318e-01  7.68829107e-01  7.84039855e-01  7.99768984e-01
  8.15867364e-01  8.32511067e-01  8.49685431e-01  8.67556810e-01  8.86054039e-01
  9.05501783e-01  9.25939381e-01  9.47718978e-01  9.71586704e-01  1.00000000e+00
    0
