grid 1

                                    (24,2) 0.00461966
                  (7,1)  -0.095613  (24,1) 0.0866972    (25,1) -0.0109913
(6,0) 0.0040288   (7,0) 0.356591    (24,0) 0.431707     (25,0) 0.281727          (26,0) -0.0434336
                  (7,-1) -0.101354  (24,-1) 0.0977122   (25,-1)  -0.0163203
                                    (24,-2)0.00462827

-------------------------------------------------------
grid 3
                                       (96,2) -0.0188003
                   (31,1) 0.0386356    (96,1) 0.0856914   (97,1) -0.0487427
(30,0) -0.0759409  (31,0) 0.206068     (96,0) 0.437648    (97,0) 0.408356        (98,0) -0.0896979
                   (31,-1) 0.0387843   (96,-1) 0.0854084  (97,-1) -0.0486102
                                       (96,-2) -0.0187998
















