-1.759259259259e-01  -9.295336350000e-01 
-1.712962962963e-01  -9.295123730000e-01 
-1.666666666667e-01  -9.294485900000e-01 
-1.620370370370e-01  -9.293422830000e-01 
-1.574074074074e-01  -9.291934550000e-01 
-1.527777777778e-01  -9.290021040000e-01 
-1.481481481481e-01  -9.287682300000e-01 
-1.435185185185e-01  -9.284918340000e-01 
-1.388888888889e-01  -9.281729150000e-01 
-1.342592592593e-01  -9.278114740000e-01 
-1.296296296296e-01  -9.274075100000e-01 
-1.250000000000e-01  -9.269610240000e-01 
-1.203703703704e-01  -9.264720150000e-01 
-1.157407407407e-01  -9.259404840000e-01 
-1.111111111111e-01  -9.253664300000e-01 
-1.064814814815e-01  -9.247498540000e-01 
-1.018518518519e-01  -9.240907560000e-01 
-9.722222222222e-02  -9.233891340000e-01 
-9.259259259259e-02  -9.226449910000e-01 
-8.796296296296e-02  -9.218583250000e-01 
-8.333333333333e-02  -9.210291360000e-01 
-7.870370370370e-02  -9.201574250000e-01 
-7.407407407407e-02  -9.192431910000e-01 
-6.944444444444e-02  -9.182864350000e-01 
-6.481481481481e-02  -9.172871570000e-01 
-6.018518518519e-02  -9.162453550000e-01 
-5.555555555556e-02  -9.151610320000e-01 
-5.092592592593e-02  -9.140341860000e-01 
-4.629629629630e-02  -9.128648170000e-01 
-4.166666666667e-02  -9.116529260000e-01 
-3.703703703704e-02  -9.103985130000e-01 
-3.240740740741e-02  -9.091015760000e-01 
-2.777777777778e-02  -9.077621180000e-01 
-2.314814814815e-02  -9.063801370000e-01 
-1.851851851852e-02  -9.049556330000e-01 
-1.388888888889e-02  -9.034886070000e-01 
-9.259259259259e-03  -9.019790590000e-01 
-4.629629629630e-03  -9.004269880000e-01 
0.000000000000e+00  -8.988323940000e-01 
4.629629629630e-03  -8.971952780000e-01 
9.259259259259e-03  -8.955156400000e-01 
1.388888888889e-02  -8.937934790000e-01 
1.851851851852e-02  -8.920287950000e-01 
2.314814814815e-02  -8.902215890000e-01 
2.777777777778e-02  -8.883718610000e-01 
3.240740740741e-02  -8.864796100000e-01 
3.703703703704e-02  -8.845448360000e-01 
4.166666666667e-02  -8.825675400000e-01 
4.629629629630e-02  -8.805477220000e-01 
5.092592592593e-02  -8.784853810000e-01 
5.555555555556e-02  -8.763805180000e-01 
6.018518518519e-02  -8.742331320000e-01 
6.481481481481e-02  -8.720432230000e-01 
6.944444444444e-02  -8.698107920000e-01 
7.407407407407e-02  -8.675358390000e-01 
7.870370370370e-02  -8.652183630000e-01 
8.333333333333e-02  -8.628583650000e-01 
8.796296296296e-02  -8.604558440000e-01 
9.259259259259e-02  -8.580108000000e-01 
9.722222222222e-02  -8.555232340000e-01 
1.018518518519e-01  -8.529931460000e-01 
1.064814814815e-01  -8.504205350000e-01 
1.111111111111e-01  -8.478054020000e-01 
1.157407407407e-01  -8.451477460000e-01 
1.203703703704e-01  -8.424475680000e-01 
1.250000000000e-01  -8.397048670000e-01 
1.296296296296e-01  -8.369196430000e-01 
1.342592592593e-01  -8.340918980000e-01 
1.388888888889e-01  -8.312216290000e-01 
1.435185185185e-01  -8.283088380000e-01 
1.481481481481e-01  -8.253535250000e-01 
1.527777777778e-01  -8.223556890000e-01 
1.574074074074e-01  -8.193153310000e-01 
1.620370370370e-01  -8.162324500000e-01 
1.666666666667e-01  -8.131070470000e-01 
1.712962962963e-01  -8.099391210000e-01 
1.759259259259e-01  -8.067286730000e-01 
1.805555555556e-01  -8.034757020000e-01 
1.851851851852e-01  -8.001802090000e-01 
1.898148148148e-01  -7.968421930000e-01 
1.944444444444e-01  -7.934616550000e-01 
1.990740740741e-01  -7.900385940000e-01 
2.037037037037e-01  -7.865730110000e-01 
2.083333333333e-01  -7.830649050000e-01 
2.129629629630e-01  -7.795142770000e-01 
2.175925925926e-01  -7.759211260000e-01 
2.222222222222e-01  -7.722854530000e-01 
2.268518518519e-01  -7.686072570000e-01 
2.314814814815e-01  -7.648865390000e-01 
2.361111111111e-01  -7.611232980000e-01 
2.407407407407e-01  -7.573175350000e-01 
2.453703703704e-01  -7.534692500000e-01 
2.500000000000e-01  -7.495784410000e-01 
2.546296296296e-01  -7.456451110000e-01 
2.592592592593e-01  -7.416692580000e-01 
2.638888888889e-01  -7.376508820000e-01 
2.685185185185e-01  -7.335899840000e-01 
2.731481481481e-01  -7.294865630000e-01 
2.777777777778e-01  -7.253406200000e-01 
2.824074074074e-01  -7.211521540000e-01 
2.870370370370e-01  -7.169211660000e-01 
2.916666666667e-01  -7.126476560000e-01 
2.962962962963e-01  -7.083316230000e-01 
3.009259259259e-01  -7.039730670000e-01 
3.055555555556e-01  -6.995719890000e-01 
3.101851851852e-01  -6.951283880000e-01 
3.148148148148e-01  -6.906422650000e-01 
3.194444444444e-01  -6.861136200000e-01 
3.240740740741e-01  -6.815424520000e-01 
3.287037037037e-01  -6.769287610000e-01 
3.333333333333e-01  -6.722725480000e-01 
3.379629629630e-01  -6.675738120000e-01 
3.425925925926e-01  -6.628325540000e-01 
3.472222222222e-01  -6.580487740000e-01 
3.518518518519e-01  -6.532224710000e-01 
3.564814814815e-01  -6.483536450000e-01 
3.611111111111e-01  -6.434422970000e-01 
3.657407407407e-01  -6.384884270000e-01 
3.703703703704e-01  -6.334920340000e-01 
3.750000000000e-01  -6.284531180000e-01 
3.796296296296e-01  -6.233716800000e-01 
3.842592592593e-01  -6.182477200000e-01 
3.888888888889e-01  -6.130812370000e-01 
3.935185185185e-01  -6.078722310000e-01 
3.981481481481e-01  -6.026207030000e-01 
4.027777777778e-01  -5.973266530000e-01 
4.074074074074e-01  -5.919900800000e-01 
4.120370370370e-01  -5.866109840000e-01 
4.166666666667e-01  -5.811893660000e-01 
4.212962962963e-01  -5.757252260000e-01 
4.259259259259e-01  -5.702185630000e-01 
4.305555555556e-01  -5.646693780000e-01 
4.351851851852e-01  -5.590776700000e-01 
4.398148148148e-01  -5.534434390000e-01 
4.444444444444e-01  -5.477666860000e-01 
4.490740740741e-01  -5.420474110000e-01 
4.537037037037e-01  -5.362856130000e-01 
4.583333333333e-01  -5.304812930000e-01 
4.629629629630e-01  -5.246344500000e-01 
4.675925925926e-01  -5.187450840000e-01 
4.722222222222e-01  -5.128131970000e-01 
4.768518518519e-01  -5.068387860000e-01 
4.814814814815e-01  -5.008218530000e-01 
4.861111111111e-01  -4.947623980000e-01 
4.907407407407e-01  -4.886604200000e-01 
4.953703703704e-01  -4.825159200000e-01 
5.000000000000e-01  -4.763288970000e-01 
5.046296296296e-01  -4.700993520000e-01 
5.092592592593e-01  -4.638272840000e-01 
5.138888888889e-01  -4.575126940000e-01 
5.185185185185e-01  -4.511555810000e-01 
5.231481481481e-01  -4.447559450000e-01 
5.277777777778e-01  -4.383137880000e-01 
5.324074074074e-01  -4.318291070000e-01 
5.370370370370e-01  -4.253019050000e-01 
5.416666666667e-01  -4.187321790000e-01 
5.462962962963e-01  -4.121199320000e-01 
5.509259259259e-01  -4.054651610000e-01 
5.555555555556e-01  -3.987678690000e-01 
5.601851851852e-01  -3.920280530000e-01 
5.648148148148e-01  -3.852457160000e-01 
5.694444444444e-01  -3.784208550000e-01 
5.740740740741e-01  -3.715534730000e-01 
5.787037037037e-01  -3.646435670000e-01 
5.833333333333e-01  -3.576911400000e-01 
5.879629629630e-01  -3.506961890000e-01 
5.925925925926e-01  -3.436587170000e-01 
5.972222222222e-01  -3.365787220000e-01 
6.018518518519e-01  -3.294562040000e-01 
6.064814814815e-01  -3.222911640000e-01 
6.111111111111e-01  -3.150836010000e-01 
6.157407407407e-01  -3.078335160000e-01 
6.203703703704e-01  -3.005409080000e-01 
6.250000000000e-01  -2.932057780000e-01 
6.296296296296e-01  -2.858281250000e-01 
6.342592592593e-01  -2.784079500000e-01 
6.388888888889e-01  -2.709452530000e-01 
6.435185185185e-01  -2.634400320000e-01 
6.481481481481e-01  -2.558922900000e-01 
6.527777777778e-01  -2.483020250000e-01 
6.574074074074e-01  -2.406692370000e-01 
6.620370370370e-01  -2.329939270000e-01 
6.666666666667e-01  -2.252760940000e-01 
6.712962962963e-01  -2.175157390000e-01 
6.759259259259e-01  -2.097128620000e-01 
6.805555555556e-01  -2.018674620000e-01 
6.851851851852e-01  -1.939795390000e-01 
6.898148148148e-01  -1.860490940000e-01 
6.944444444444e-01  -1.780761260000e-01 
6.990740740741e-01  -1.700606360000e-01 
7.037037037037e-01  -1.620026240000e-01 
7.083333333333e-01  -1.539020890000e-01 
7.129629629630e-01  -1.457590310000e-01 
7.175925925926e-01  -1.375734510000e-01 
7.222222222222e-01  -1.293453490000e-01 
7.268518518519e-01  -1.210747240000e-01 
7.314814814815e-01  -1.127615760000e-01 
7.361111111111e-01  -1.044059060000e-01 
7.407407407407e-01  -9.600771400000e-02 
7.453703703704e-01  -8.756699900000e-02 
7.500000000000e-01  -7.908376100000e-02 
7.546296296296e-01  -7.055800100000e-02 
7.592592592593e-01  -6.198971900000e-02 
7.638888888889e-01  -5.337891400000e-02 
7.685185185185e-01  -4.472558600000e-02 
7.731481481481e-01  -3.602973600000e-02 
7.777777777778e-01  -2.729136400000e-02 
7.824074074074e-01  -1.851046900000e-02 
7.870370370370e-01  -9.687051000000e-03 
7.916666666667e-01  -8.211110000000e-04 
7.962962962963e-01  8.087351000000e-03 
8.009259259259e-01  1.703833600000e-02 
8.055555555556e-01  2.603184300000e-02 
8.101851851852e-01  3.506787300000e-02 
8.148148148148e-01  4.414642600000e-02 
8.194444444444e-01  5.326750100000e-02 
8.240740740741e-01  6.243109800000e-02 
8.287037037037e-01  7.163721800000e-02 
8.333333333333e-01  8.088586000000e-02 
8.379629629630e-01  9.017702500000e-02 
8.425925925926e-01  9.951071200000e-02 
8.472222222222e-01  1.088869220000e-01 
8.518518518519e-01  1.183056550000e-01 
8.564814814815e-01  1.277669090000e-01 
8.611111111111e-01  1.372706870000e-01 
8.657407407407e-01  1.468169870000e-01 
8.703703703704e-01  1.564058090000e-01 
8.750000000000e-01  1.660371540000e-01 
8.796296296296e-01  1.757110210000e-01 
8.842592592593e-01  1.854274110000e-01 
8.888888888889e-01  1.951863230000e-01 
8.935185185185e-01  2.049877580000e-01 
8.981481481481e-01  2.148317150000e-01 
9.027777777778e-01  2.247181950000e-01 
9.074074074074e-01  2.346471970000e-01 
9.120370370370e-01  2.446187220000e-01 
9.166666666667e-01  2.546327690000e-01 
9.212962962963e-01  2.646893390000e-01 
9.259259259259e-01  2.747884310000e-01 
9.305555555556e-01  2.849300460000e-01 
9.351851851852e-01  2.951141830000e-01 
9.398148148148e-01  3.053408430000e-01 
9.444444444444e-01  3.156100250000e-01 
9.490740740741e-01  3.259217300000e-01 
9.537037037037e-01  3.362759570000e-01 
9.583333333333e-01  3.466727070000e-01 
9.629629629630e-01  3.571119790000e-01 
9.675925925926e-01  3.675937740000e-01 
9.722222222222e-01  3.781180910000e-01 
9.768518518519e-01  3.886849310000e-01 
9.814814814815e-01  3.992942930000e-01 
9.861111111111e-01  4.099461780000e-01 
9.907407407407e-01  4.206405850000e-01 
9.953703703704e-01  4.313775140000e-01 
1.000000000000e+00  4.421569660000e-01 
1.004629629630e+00  4.529789410000e-01 
1.009259259259e+00  4.638434380000e-01 
1.013888888889e+00  4.747504580000e-01 
1.018518518519e+00  4.857000000000e-01 
